9.999999999999999604e-24 2.109655341099300405e-02
9.772146969725724738e-24 2.140240090034308679e-02
9.549485639791965794e-24 2.171268241666048093e-02
9.331897715733238896e-24 2.202746224229450503e-02
9.119267598459297506e-24 2.234680559152854920e-02
8.911482322840201665e-24 2.267077862409044506e-02
8.708431497690723643e-24 2.299944845885959141e-02
8.510007247122245829e-24 2.333288318777200845e-02
8.316104153230962074e-24 2.367115188992693908e-02
8.126619200091945995e-24 2.401432464589882410e-02
7.941451719029340346e-24 2.436247255225583094e-02
7.760503335133571050e-24 2.471566773628940464e-02
7.583677914997190344e-24 2.507398337095681842e-02
7.410881515641569167e-24 2.543749369004129693e-02
7.242022334607315734e-24 2.580627400353107531e-02
7.077010661181889384e-24 2.618040071322136342e-02
6.915758828738525318e-24 2.655995132854345811e-02
6.758181168161110409e-24 2.694500448262228745e-02
6.604193962330304856e-24 2.733563994856739315e-02
6.453715401646701858e-24 2.773193865599941563e-02
6.306665540567405945e-24 2.813398270781728924e-02
6.162966255132942524e-24 2.854185539720743500e-02
6.022541201461927680e-24 2.895564122490015477e-02
5.885315775191450364e-24 2.937542591667557587e-02
5.751217071841613552e-24 2.980129644112450987e-02
5.620173848083187866e-24 3.023334102766576936e-02
5.492116483887788896e-24 3.067164918482465433e-02
5.366976945540475783e-24 3.111631171877756591e-02
5.244688749495119009e-24 3.156742075216420473e-02
5.125186927053332750e-24 3.202506974317326921e-02
5.008407989848212386e-24 3.248935350490407548e-02
4.894289896114532080e-24 3.296036822501017399e-02
4.782772017727484994e-24 3.343821148562654832e-02
4.673795107992463720e-24 3.392298228358574946e-02
4.567301270168746670e-24 3.441478105092826700e-02
4.463233926710397639e-24 3.491370967570895517e-02
4.361537789208005389e-24 3.541987152310589054e-02
4.262158829015325017e-24 3.593337145683437456e-02
4.165044248545184823e-24 3.645431586087290177e-02
4.070142453219438979e-24 3.698281266150272445e-02
3.977403024058036467e-24 3.751897134966697411e-02
3.886776690892667640e-24 3.806290300365523793e-02
3.798215306190736261e-24 3.861472031211556077e-02
3.711671819475767098e-24 3.917453759740090885e-02
3.627100252330648591e-24 3.974247083925321056e-02
3.544455673970435593e-24 4.031863769883230197e-02
3.463694177371733998e-24 4.090315754309185176e-02
3.384772855945982922e-24 4.149615146950860062e-02
3.307649780744242543e-24 4.209774233117165310e-02
3.232283978181380723e-24 4.270805476223379915e-02
3.158635408267818998e-24 4.332721520373284535e-02
3.086664943337274359e-24 4.395535192978627242e-02
3.016334347259197398e-24 4.459259507416733770e-02
2.947606255124858643e-24 4.523907665726498162e-02
2.880444153396297907e-24 4.589493061343445646e-02
2.814812360507581092e-24 4.656029281874619202e-02
2.750676007908067484e-24 4.723530111913509799e-02
2.688001021537607666e-24 4.792009535895905975e-02
2.626754103723838313e-24 4.861481740997034007e-02
2.566902715491951711e-24 4.931961120070889326e-02
2.508415059277541183e-24 5.003462274632008988e-02
2.451260062033339982e-24 5.076000017880469284e-02
2.395407358720879479e-24 5.149589377770921045e-02
2.340827276178294161e-24 5.224245600125914518e-02
2.287490817355704076e-24 5.299984151794481096e-02
2.235369645909796390e-24 5.376820723856384765e-02
2.184436071149428299e-24 5.454771234873034835e-02
2.134663033324245433e-24 5.533851834185320173e-02
2.086024089248504962e-24 5.614078905259378000e-02
2.038493398252464167e-24 5.695469069080739966e-02
1.992045708453871177e-24 5.778039187597904663e-02
1.946656343342263211e-24 5.861806367215635638e-02
1.902301188668945870e-24 5.946787962338895284e-02
1.858956679635688327e-24 6.033001578968372192e-02
1.816599788375328659e-24 6.120465078347898935e-02
1.775208011717636027e-24 6.209196580664892023e-02
1.734759359233932522e-24 6.299214468804283096e-02
1.695232341554121503e-24 6.390537392157136232e-02
1.656605958949915079e-24 6.483184270484246281e-02
1.618859690178199226e-24 6.577174297835743089e-02
1.581973481578601579e-24 6.672526946527766734e-02
1.545927736419478458e-24 6.769261971176526727e-02
1.510703304486655635e-24 6.867399412790997637e-02
1.476281471909391007e-24 6.966959602924799322e-02
1.442643951218158727e-24 7.067963167888527409e-02
1.409772871628967618e-24 7.170431033022921230e-02
1.377650769549054937e-24 7.274384427033964151e-02
1.346260579298910947e-24 7.379844886391098702e-02
1.315585624045705132e-24 7.486834259788917312e-02
1.285609606943296546e-24 7.595374712673703954e-02
1.256316602474121539e-24 7.705488731835424820e-02
1.227691047988360474e-24 7.817199130066596058e-02
1.199717735435885523e-24 7.930529050888418530e-02
1.172381803286599793e-24 8.045501973345420277e-02
1.145668728634872645e-24 8.162141716869905639e-02
1.119564319483879473e-24 8.280472446216595450e-02
1.094054707205743624e-24 8.400518676469018176e-02
1.069126339173477203e-24 8.522305278118258443e-02
1.044765971560805237e-24 8.645857482215690837e-02
1.020960662306047528e-24 8.771200885600109742e-02
9.976977642363212160e-25 8.898361456200619413e-02
9.749649183484095637e-25 9.027365538416738666e-02
9.527500472427300580e-25 9.158239858576139314e-02
9.310413487069084147e-25 9.291011530471729452e-02
9.098272894455567132e-25 9.425708060978779668e-02
8.890965989529167059e-25 9.562357355753868526e-02
8.688382635251193478e-25 9.700987725016063656e-02
8.490415204088755051e-25 9.841627889412155050e-02
8.296958520834916019e-25 9.984306985966664993e-02
8.107909806731694372e-25 1.012905457411853588e-01
7.923168624866261835e-25 1.027590064184496915e-01
7.742636826811277888e-25 1.042487561187403072e-01
7.566218500481062388e-25 1.057601034798770906e-01
7.393819919175873397e-25 1.072933616141593521e-01
7.225349491787221692e-25 1.088488481732354379e-01
7.060717714137779777e-25 1.104268854139102557e-01
6.899837121430025420e-25 1.120278002649112009e-01
6.742622241778349368e-25 1.136519243946181590e-01
6.588989550799956527e-25 1.152995942797751389e-01
6.438857427240426255e-25 1.169711512752024951e-01
6.292146109610350239e-25 1.186669416845149150e-01
6.148777653810029397e-25 1.203873168318676384e-01
6.008675891719693372e-25 1.221326331347398070e-01
5.871766390733261784e-25 1.239032521777779089e-01
5.737976414214139384e-25 1.256995407877054272e-01
5.607234882852038637e-25 1.275218711093182855e-01
5.479472336900292581e-25 1.293706206825867844e-01
5.354620899273613018e-25 1.312461725208701468e-01
5.232614239486666956e-25 1.331489151902680024e-01
5.113387538414330952e-25 1.350792428901192166e-01
4.996877453854888907e-25 1.370375555346730334e-01
4.883022086877885202e-25 1.390242588359394960e-01
4.771760948938750961e-25 1.410397643877407403e-01
4.663034929742736329e-25 1.430844897509860880e-01
4.556786265841068284e-25 1.451588585401776266e-01
4.452958509942660332e-25 1.472633005111734783e-01
4.351496500925053992e-25 1.493982516502197211e-01
4.252346334528686172e-25 1.515641542642789941e-01
4.155455334718879575e-25 1.537614570726636432e-01
4.060772025700369767e-25 1.559906152999966100e-01
3.968246104569486047e-25 1.582520907705262103e-01
3.877828414589461406e-25 1.605463520038016567e-01
3.789470919074671521e-25 1.628738743117396359e-01
3.703126675869931034e-25 1.652351398970939300e-01
3.618749812411283922e-25 1.676306379533594459e-01
3.536295501355046667e-25 1.700608647661186468e-01
3.455719936762143013e-25 1.725263238158570023e-01
3.376980310825094677e-25 1.750275258822752700e-01
3.300034791125288575e-25 1.775649891501072386e-01
3.224842498408445586e-25 1.801392393164757133e-01
3.151363484866482633e-25 1.827508096998004261e-01
3.079558712914229883e-25 1.854002413502923718e-01
3.009390034449724275e-25 1.880880831620424520e-01
2.940820170587066939e-25 1.908148919867398707e-01
2.873812691851069426e-25 1.935812327490342988e-01
2.808331998823175447e-25 1.963876785635783329e-01
2.744343303228368386e-25 1.992348108537598805e-01
2.681812609453018269e-25 2.021232194721557518e-01
2.620706696483855085e-25 2.050535028227385703e-01
2.560993100258462021e-25 2.080262679848476903e-01
2.502640096417921841e-25 2.110421308389619499e-01
2.445616683452448938e-25 2.141017161942908309e-01
2.389892566231052635e-25 2.172056579182240765e-01
2.335438139906481649e-25 2.203545990676501198e-01
2.282224474186900746e-25 2.235491920221782391e-01
2.230223297965940737e-25 2.267900986193001622e-01
2.179406984302958082e-25 2.300779902915022490e-01
2.129748535745523138e-25 2.334135482053708022e-01
2.081221569986341612e-25 2.367974634027085468e-01
2.033800305846984101e-25 2.402304369437063547e-01
1.987459549580985734e-25 2.437131800521821212e-01
1.942174681489028324e-25 2.472464142629249573e-01
1.897921642839103370e-25 2.508308715711846659e-01
1.854676923084701230e-25 2.544672945843183820e-01
1.812417547374239569e-25 2.581564366756416429e-01
1.771121064345090480e-25 2.618990621405038466e-01
1.730765534195727720e-25 2.656959463546368916e-01
1.691329517029650549e-25 2.695478759347899600e-01
1.652792061464897186e-25 2.734556489016928826e-01
1.615132693503092969e-25 2.774200748453922727e-01
1.578331405652119677e-25 2.814419750929730846e-01
1.542368646296630489e-25 2.855221828787189997e-01
1.507225309310758569e-25 2.896615435167323449e-01
1.472882723907504778e-25 2.938609145760684438e-01
1.439322644719409410e-25 2.981211660583983347e-01
1.406527242105239347e-25 3.024431805782472060e-01
1.374479092677539357e-25 3.068278535458566769e-01
1.343161170046018158e-25 3.112760933526857454e-01
1.312556835771845486e-25 3.157888215596088566e-01
1.282649830528062460e-25 3.203669730878342947e-01
1.253424265461402112e-25 3.250114964126035733e-01
1.224864613750933125e-25 3.297233537596875319e-01
1.196955702359045220e-25 3.345035213047302669e-01
1.169682703970387130e-25 3.393529893754959059e-01
1.143031129114481077e-25 3.442727626570337707e-01
1.116986818467824906e-25 3.492638603998258762e-01
1.091535935331393358e-25 3.543273166309438005e-01
1.066664958279540887e-25 3.594641803682808723e-01
1.042360673976403229e-25 3.646755158378763850e-01
1.018610170155977387e-25 3.699624026943982846e-01
9.954008287621539061e-26 3.753259362448143621e-01
9.727203192450556821e-26 3.807672276753201746e-01
9.505565920101210223e-26 3.862874042815442888e-01
9.288978720164516366e-26 3.918876097020897453e-01
9.077326525210242137e-26 3.975690041554763021e-01
8.870496889654420501e-26 4.033327646805013322e-01
8.668379930019792023e-26 4.091800853800955373e-01
8.470868266557419480e-26 4.151121776687033416e-01
8.277856966198489128e-26 4.211302705232669585e-01
8.089243486805955022e-26 4.272356107378340595e-01
7.904927622696437001e-26 4.334294631818558785e-01
7.724811451403415451e-26 4.397131110622460315e-01
7.548799281653446692e-26 4.460878561892213101e-01
7.376797602527746189e-26 4.525550192460066068e-01
7.208715033782150269e-26 4.591159400624393316e-01
7.044462277299051345e-26 4.657719778925585308e-01
6.883952069645510064e-26 4.725245116962020209e-01
6.727099135712350446e-26 4.793749404246857027e-01
6.573820143409598563e-26 4.863246833106414369e-01
6.424033659394203849e-26 4.933751801620383515e-01
6.277660105806512496e-26 5.005278916604775086e-01
6.134621717992519137e-26 5.077842996637998985e-01
5.994842503189421224e-26 5.151459075131008536e-01
5.858248200152548083e-26 5.226142403441781381e-01
5.724766239702190070e-26 5.301908454034944818e-01
5.594325706169389314e-26 5.378772923687394902e-01
5.466857299720192095e-26 5.456751736740182990e-01
5.342293299538363361e-26 5.535861048397673345e-01
5.220567527846986365e-26 5.616117248074398161e-01
5.101615314749843906e-26 5.697536962790651360e-01
4.985373463873903568e-26 5.780137060617117628e-01
4.871780218794640868e-26 5.863934654169432603e-01
4.760775230226377913e-26 5.948947104153614607e-01
4.652299523960198588e-26 6.035192022962660996e-01
4.546295469532408798e-26 6.122687278325438243e-01
4.442706749606891992e-26 6.211450997008307606e-01
4.341478330055101073e-26 6.301501568570681000e-01
4.242556430717785944e-26 6.392857649174760182e-01
4.145888496832919853e-26 6.485538165450669412e-01
4.051423171114655606e-26 6.579562318417456757e-01
3.959110266468467009e-26 6.674949587461214140e-01
3.868900739327983336e-26 6.771719734370621468e-01
3.780746663599356924e-26 6.869892807431002835e-01
3.694601205199309946e-26 6.969489145577976164e-01
3.610418597173344465e-26 7.070529382611051572e-01
3.528154115380890322e-26 7.173034451468476291e-01
3.447764054734471309e-26 7.277025588563889036e-01
3.369205705980273740e-26 7.382524338186128299e-01
3.292437333007775293e-26 7.489552556962575380e-01
3.217418150676377854e-26 7.598132418387183451e-01
3.144108303147271042e-26 7.708286417414449421e-01
3.072468842709009680e-26 7.820037375119657241e-01
3.002461709085555354e-26 7.933408443426888113e-01
2.934049709215792804e-26 8.048423109905370465e-01
2.867196497493775813e-26 8.165105202635694059e-01
2.801866556459201205e-26 8.283478895146284549e-01
2.738025177927863273e-26 8.403568711421426363e-01
2.675638444552050988e-26 8.525399530982210594e-01
2.614673211801097208e-26 8.648996594040794239e-01
2.555097090352512334e-26 8.774385506729590611e-01
2.496878428884331748e-26 8.901592246406062614e-01
2.439986297259555192e-26 9.030643167034775320e-01
2.384390470093725271e-26 9.161565004647113097e-01
2.330061410696929317e-26 9.294384882880341037e-01
2.276970255381684779e-26 9.429130318596995464e-01
2.225088798128374059e-26 9.565829227585365135e-01
2.174389475600084430e-26 9.704509930343385715e-01
2.124845352498887158e-26 9.845201157945607795e-01
2.076430107255779092e-26 9.987932057995618784e-01
2.029118018046682165e-26 1.013273220066467584e+00
1.982883949127075331e-26 1.027963158481787653e+00
1.937703337477992746e-26 1.042866064422925287e+00
1.893552179756299056e-26 1.057985025388650913e+00
1.850407019542305934e-26 1.073323173638804917e+00
1.808244934877955543e-26 1.088883686843186149e+00
1.767043526088950178e-26 1.104669788739892633e+00
1.726780903884359411e-26 1.120684749803197322e+00
1.687435677727379287e-26 1.136931887921105666e+00
1.648986944471068207e-26 1.153414569082745977e+00
1.611414277253023045e-26 1.170136208075679418e+00
1.574697714643089881e-26 1.187100269193410940e+00
1.538817750038349570e-26 1.204310266953064756e+00
1.503755321299741431e-26 1.221769766823512349e+00
1.469491800624820109e-26 1.239482385964044031e+00
1.436008984651263473e-26 1.257451793973753063e+00
1.403289084785875967e-26 1.275681713651791283e+00
1.371314717753948371e-26 1.294175921768596860e+00
1.340068896363953426e-26 1.312938249848405237e+00
1.309535020482670456e-26 1.331972584963001749e+00
1.279696868215944145e-26 1.351282870537032776e+00
1.250538587290393886e-26 1.370873107164982008e+00
1.222044686631491228e-26 1.390747353439990786e+00
1.194200028133534923e-26 1.410909726794706165e+00
1.166989818617149880e-26 1.431364404354260156e+00
1.140399601970035404e-26 1.452115623801731870e+00
1.114415251466790481e-26 1.473167684256040832e+00
1.089022962263732763e-26 1.494524947162625628e+00
1.064209244064726861e-26 1.516191837197021774e+00
1.039960913954122399e-26 1.538172843181542460e+00
1.016265089392997235e-26 1.560472519015258408e+00
9.931091813749820902e-27 1.583095484617398796e+00
9.704808877380325998e-27 1.606046426884555123e+00
9.483681866285946295e-27 1.629330100661635417e+00
9.267593301146901725e-27 1.652951329726957796e+00
9.056428379445312271e-27 1.676915007791614398e+00
8.850074914473456756e-27 1.701226099513321044e+00
8.648423275731743755e-27 1.725889641524968043e+00
8.451366330684738648e-27 1.750910743478094167e+00
8.258799387844289647e-27 1.776294589101418131e+00
8.070620141149524567e-27 1.802046437274860136e+00
7.886728615614171697e-27 1.828171623118988620e+00
7.707027114212319653e-27 1.854675559100334548e+00
7.531420165974391138e-27 1.881563736152715771e+00
7.359814475265785695e-27 1.908841724814816398e+00
7.192118872221207614e-27 1.936515176384275394e+00
7.028244264308366676e-27 1.964589824088427639e+00
6.868103588995322025e-27 1.993071484272174398e+00
6.711611767496300483e-27 2.021966057602917921e+00
6.558685659571449161e-27 2.051279530293044218e+00
6.409244019356470063e-27 2.081017975340111459e+00
6.263207452198705005e-27 2.111187553785020210e+00
6.120498372476715562e-27 2.141794515988438619e+00
5.981040962380956632e-27 2.172845202925646646e+00
5.844761131633649478e-27 2.204346047500329142e+00
5.711586478126446510e-27 2.236303575877236494e+00
5.581446249454978032e-27 2.268724408834256856e+00
5.454271305329847544e-27 2.301615263134070055e+00
5.329994080844104257e-27 2.334982952915689580e+00
5.208548550577676333e-27 2.368834391106194204e+00
5.089870193519695363e-27 2.403176590852833083e+00
4.973895958790078083e-27 2.438016666976084323e+00
4.860564232142148891e-27 2.473361837443585287e+00
4.749814803228514353e-27 2.509219424865530623e+00
4.641588833612791882e-27 2.545596858011727637e+00
4.535828825510200166e-27 2.582501673350646954e+00
4.432478591240409915e-27 2.619941516610805099e+00
4.331483223376411530e-27 2.657924144364678387e+00
4.232789065573561654e-27 2.696457425635793825e+00
4.136343684063286266e-27 2.735549343528901112e+00
4.042095839796318290e-27 2.775207996883889638e+00
3.949995461220654811e-27 2.815441601953659667e+00
3.859993617679779118e-27 2.856258494106318047e+00
3.772042493417009219e-27 2.897667129552075505e+00
3.686095362172169530e-27 2.939676087095062229e+00
3.602106562357080876e-27 2.982294069910776280e+00
3.520031472796689717e-27 3.025529907349064018e+00
3.439826489022935137e-27 3.069392556763356872e+00
3.361449000108775709e-27 3.113891105366406453e+00
3.284857366030053803e-27 3.159034772112918610e+00
3.210010895543181567e-27 3.204832909609512281e+00
3.136869824566886129e-27 3.251295006052234093e+00
3.065395295056535999e-27 3.298430687192422717e+00
2.995549334359822508e-27 3.346249718330816858e+00
2.927294835042824815e-27 3.394762006340696026e+00
2.860595535175750669e-27 3.443977601720333848e+00
2.795415999067865032e-27 3.493906700675199151e+00
2.731721598441384483e-27 3.544559647230379973e+00
2.669478494034329127e-27 3.595946935373481423e+00
2.608653617622555826e-27 3.648079211228882457e+00
2.549214654451430844e-27 3.700967275263227663e+00
2.491130026067796192e-27 3.754622084523030257e+00
2.434368873543117890e-27 3.809054754904693585e+00
2.378901041078900544e-27 3.864276563457436975e+00
2.324697059985655011e-27 3.920298950719644626e+00
2.271728133026912157e-27 3.977133523088919542e+00
2.219966119119961554e-27 4.034792055226825269e+00
2.169383518385190910e-27 4.093286492498164009e+00
2.119953457536077429e-27 4.152628953445780979e+00
2.071649675602075311e-27 4.212831732301213883e+00
2.024446509976810051e-27 4.273907301531743919e+00
1.978318882784170279e-27 4.335868314424403458e+00
1.933242287555051097e-27 4.398727607707270337e+00
1.889192776207672206e-27 4.462498204209119912e+00
1.846146946324553388e-27 4.527193315557280329e+00
1.804081928719388455e-27 4.592826344914774594e+00
1.762975375287211264e-27 4.659410889757115370e+00
1.722805447131399109e-27 4.726960744689345795e+00
1.683550802961207708e-27 4.795489904303973816e+00
1.645190587753667576e-27 4.865012566080127776e+00
1.607704421673828535e-27 4.935543133325147380e+00
1.571072389247455346e-27 5.007096218158423540e+00
1.535275028780427373e-27 5.079686644538689677e+00
1.500293322019222940e-27 5.153329451335165956e+00
1.466108684046988985e-27 5.228039895443226115e+00
1.432702953409835316e-27 5.303833454945276138e+00
1.400058382468101801e-27 5.380725832317245327e+00
1.368157627967476134e-27 5.458732957681989184e+00
1.336983741824950718e-27 5.537870992109433566e+00
1.306520162124725343e-27 5.618156330964771961e+00
1.276750704319269651e-27 5.699605607305165300e+00
1.247659552630873612e-27 5.782235695325684155e+00
1.219231251649114496e-27 5.866063713855206530e+00
1.191450698119779696e-27 5.951107029903048407e+00
1.164303132920880334e-27 6.037383262256766692e+00
1.137774133221494813e-27 6.124910285132609822e+00
1.111849604819274384e-27 6.213706231878401987e+00
1.086515774652541617e-27 6.303789498730354879e+00
1.061759183483003446e-27 6.395178748624294585e+00
1.037566678745189038e-27 6.487892915062141164e+00
1.013925407558818372e-27 6.581951206034498902e+00
9.908228099003828853e-28 6.677373107999842183e+00
9.682466119303074753e-28 6.774178389921981847e+00
9.461848194722030221e-28 6.872387107365202752e+00
9.246257116405695548e-28 6.972019606649917378e+00
9.035578346138958160e-28 7.073096529067067095e+00
8.829699955494046754e-28 7.175638815155369166e+00
8.628512566366921976e-28 7.279667709038796453e+00
8.431909292866215627e-28 7.385204762828455394e+00
8.239785684528545279e-28 7.492271841087331019e+00
8.052039670825436845e-28 7.600891125360188738e+00
7.868571506936875674e-28 7.711085118768705726e+00
7.689283720758273834e-28 7.822876650674225552e+00
7.514081061116992486e-28 7.936288881406472484e+00
7.342870447166728039e-28 8.051345307062794276e+00
7.175560918936950285e-28 8.168069764374980224e+00
7.012063589007148692e-28 8.286486435648406257e+00
6.852291595284085785e-28 8.406619853771315931e+00
6.696160054853187714e-28 8.528494907298219019e+00
6.543586018883255698e-28 8.652136845605138404e+00
6.394488428556910884e-28 8.777571284121728823e+00
6.248788072006913230e-28 8.904824209637093091e+00
6.106407542232011777e-28 9.033921985684347788e+00
5.967271195973335017e-28 9.164891358002117627e+00
5.831305113526194846e-28 9.297759460075710081e+00
5.698437059469159423e-28 9.432553818758094621e+00
5.568596444286385854e-28 9.569302359973603345e+00
5.441714286865910160e-28 9.708033414502301284e+00
5.317723177850944612e-28 9.848775723850648589e+00
5.196557243827678949e-28 9.991558446204818367e+00
5.078152112327649894e-28 1.013641116247239538e+01
4.962444877628933300e-28 1.028336388241037724e+01
4.849374067335213445e-28 1.043244705084259216e+01
4.738879609717670781e-28 1.058369155396666272e+01
4.630902801799718397e-28 1.073712872575375954e+01
4.525386278170184998e-28 1.089279035443900412e+01
4.422273980505878658e-28 1.105070868910811477e+01
4.321511127789779350e-28 1.121091644637815676e+01
4.223044187206654574e-28 1.137344681717576478e+01
4.126820845702968484e-28 1.153833347361298500e+01
4.032789982193688679e-28 1.170561057596429499e+01
3.940901640403463722e-28 1.187531277974232324e+01
3.851107002325553117e-28 1.204747524287910387e+01
3.763358362286548240e-28 1.222213363300845046e+01
3.677609101601015723e-28 1.239932413485644247e+01
3.593813663804640332e-28 1.257908345773747882e+01
3.511927530450713147e-28 1.276144884315970529e+01
3.431907197459056885e-28 1.294645807253998271e+01
3.353710152002915315e-28 1.313414947503236263e+01
3.277294849923395439e-28 1.332456193546744672e+01
3.202620693657636909e-28 1.351773490240946884e+01
3.129648010670763252e-28 1.371370839632850824e+01
3.058338032378418957e-28 1.391252301789190682e+01
2.988652873550394960e-28 1.411421995637512516e+01
2.920555512182733099e-28 1.431884099819635559e+01
2.854009769829249289e-28 1.452642853557186164e+01
2.788980292380428305e-28 1.473702557530041979e+01
2.725432531281038873e-28 1.495067574767146290e+01
2.663332725174969914e-28 1.516742331550544698e+01
2.602647881969015124e-28 1.538731318332338027e+01
2.543345761304637632e-28 1.561039090665013163e+01
2.485394857429808744e-28 1.583670270145172765e+01
2.428764382460440388e-28 1.606629545371151124e+01
2.373424250023876093e-28 1.629921672914192143e+01
2.319345059274417967e-28 1.653551478304030198e+01
2.266498079273702021e-28 1.677523857028550935e+01
2.214855233726350410e-28 1.701843775548037385e+01
2.164389086064029073e-28 1.726516272324022694e+01
2.115072824868785957e-28 1.751546458863285238e+01
2.066880249629090691e-28 1.776939520776607395e+01
2.019785756819870147e-28 1.802700718853331097e+01
1.973764326300263438e-28 1.828835390151040485e+01
1.928791508020769934e-28 1.855348949101423983e+01
1.884843409033803063e-28 1.882246888631929949e+01
1.841896680799703292e-28 1.909534781303793238e+01
1.799928506782483811e-28 1.937218280466446174e+01
1.758916590327725297e-28 1.965303121428920363e+01
1.718839142817152696e-28 1.993795122647818729e+01
1.679674872092646276e-28 2.022700186933004929e+01
1.641402971144473214e-28 2.052024302670272249e+01
1.604003107056813287e-28 2.081773545062177888e+01
1.567455410205601457e-28 2.111954077386502604e+01
1.531740463702073462e-28 2.142572152273328356e+01
1.496839293077261652e-28 2.173634113000162316e+01
1.462733356201124012e-28 2.205146394806381593e+01
1.429404533431766843e-28 2.237115526226184059e+01
1.396835117988733946e-28 2.269548130441327061e+01
1.365007806546019408e-28 2.302450926653192909e+01
1.333905690039053276e-28 2.335830731474871058e+01
1.303512244681514308e-28 2.369694460343287901e+01
1.273811323186473333e-28 2.404049128952120640e+01
1.244787146187911309e-28 2.438901854704977268e+01
1.216424293857362924e-28 2.474259858190253070e+01
1.188707697711908057e-28 2.510130464676754158e+01
1.161622632608497155e-28 2.546521105631542881e+01
1.135154708921003683e-28 2.583439320259346417e+01
1.109289864895218159e-28 2.620892757064731171e+01
1.084014359178335467e-28 2.658889175436364383e+01
1.059314763518365637e-28 2.697436447254899150e+01
1.035177955630180535e-28 2.736542558523501967e+01
1.011591112223825533e-28 2.776215611022586316e+01
9.885417021919614059e-29 2.816463823988184245e+01
9.660174799522605742e-29 2.857295535814806442e+01
9.440064789417641871e-29 2.898719205782824915e+01
9.224970052592136361e-29 2.940743415811277828e+01
9.014776314524954919e-29 2.983376872235466948e+01
8.809371904473955077e-29 3.026628407611068639e+01
8.608647696149280371e-29 3.070506982543650665e+01
8.412497049736083639e-29 3.115021687545346296e+01
8.220815755240574940e-29 3.160181744918052260e+01
8.033501977124701281e-29 3.205996510664103027e+01
7.850456200204540863e-29 3.252475476424464063e+01
7.671581176779270535e-29 3.299628271445443772e+01
7.496781874966907958e-29 3.347464664573255533e+01
7.325965428215200587e-29 3.395994566278163518e+01
7.159041085964917858e-29 3.445228030707546196e+01
6.995920165435345775e-29 3.495175257768908494e+01
6.836516004510266025e-29 3.545846595242900889e+01
6.680743915695587630e-29 3.597252540927426168e+01
6.528521141127873964e-29 3.649403744812082095e+01
6.379766808606255979e-29 3.702311011285030418e+01
6.234401888627889254e-29 3.755985301370947838e+01
6.092349152400686676e-29 3.810437735002192738e+01
5.953533130814394660e-29 3.865679593322422392e+01
5.817880074344911727e-29 3.921722321023815283e+01
5.685317913873777168e-29 3.978577528717960377e+01
5.555776222398855264e-29 4.036256995341624787e+01
5.429186177618964524e-29 4.094772670596601216e+01
5.305480525369552463e-29 4.154136677425731961e+01
5.184593543892934429e-29 4.214361314524305868e+01
5.066461008921247419e-29 4.275459058888105801e+01
4.951020159556371661e-29 4.337442568398140708e+01
4.838209664925937243e-29 4.400324684443420153e+01
4.727969591600410134e-29 4.464118434580831263e+01
4.620241371751294134e-29 4.528837035234684549e+01
4.514967772036120195e-29 4.594493894434274495e+01
4.412092863191172179e-29 4.661102614592078197e+01
4.311561990318246043e-29 4.728676995321644938e+01
4.213321743847271524e-29 4.797231036296594908e+01
4.117319931161695871e-29 4.866778940150796018e+01
4.023505548869276505e-29 4.937335115421217324e+01
3.931828755705786378e-29 5.008914179532452948e+01
3.842240846055045160e-29 5.081530961825514225e+01
3.754694224073352302e-29 5.155200506629888935e+01
3.669142378402478918e-29 5.229938076380420853e+01
3.585539857459831512e-29 5.305759154779081399e+01
3.503842245290661395e-29 5.382679450003264066e+01
3.424006137971439532e-29 5.460714897959468317e+01
3.345989120549961218e-29 5.539881665585509296e+01
3.269749744511781252e-29 5.620196154199226157e+01
3.195247505759200381e-29 5.701675002896905653e+01
3.122442823092870579e-29 5.784335092000250000e+01
3.051297017182858209e-29 5.868193546553636963e+01
2.981772290019685517e-29 5.953267739871751019e+01
2.913831704832776928e-29 6.039575297139416676e+01
2.847439166467259409e-29 6.127134099062404005e+01
2.782559402207114514e-29 6.215962285572387458e+01
2.719157943036029924e-29 6.306078259584827350e+01
2.657201105324495717e-29 6.397500690811686042e+01
2.596655972934883301e-29 6.490248519629044210e+01
2.537490379733561197e-29 6.584340961001643677e+01
2.479672892502170128e-29 6.679797508462934275e+01
2.423172794237590837e-29 6.776637938154492247e+01
2.367960067833088352e-29 6.874882312922318306e+01
2.314005380130644511e-29 6.974550986473937542e+01
2.261280066337288702e-29 7.075664607594895017e+01
2.209756114795894051e-29 7.178244124426763051e+01
2.159406152103576349e-29 7.282310788806768187e+01
2.110203428568587826e-29 7.387886160671266111e+01
2.062121803999153033e-29 7.494992112521524064e+01
2.015135733815550368e-29 7.603650833956096733e+01
1.969220255479181607e-29 7.713884836267030209e+01
1.924350975230324502e-29 7.825716957104356197e+01
1.880504055128591079e-29 7.939170365206845759e+01
1.837656200388164753e-29 8.054268565202735886e+01
1.795784647002104022e-29 8.171035402478322851e+01
1.754867149648144883e-29 8.289495068119147447e+01
1.714881969870547830e-29 8.409672103920787833e+01
1.675807864530761826e-29 8.531591407474009259e+01
1.637624074521695778e-29 8.655278237322573887e+01
1.600310313738695274e-29 8.780758218196302778e+01
1.563846758302254188e-29 8.908057346319500880e+01
1.528214036025864669e-29 9.037201994797494820e+01
1.493393216124259322e-29 9.168218919079377827e+01
1.459365799155751792e-29 9.301135262502224066e+01
1.426113707194135534e-29 9.435978561913371720e+01
1.393619274224137896e-29 9.572776753376258796e+01
1.361865236756088290e-29 9.711558177957283533e+01
1.330834724654070540e-29 9.852351587598283800e+01
1.300511252173415202e-29 9.995186151072016401e+01
1.270878709202054199e-29 1.014009146002645849e+02
1.241921352701789725e-29 1.028709753511421496e+02
1.213623798344236865e-29 1.043623483221292503e+02
1.185971012337675474e-29 1.058753424873453355e+02
1.158948303439806994e-29 1.074102713002660039e+02
1.132541315152817264e-29 1.089674527586581831e+02
1.106736018095969969e-29 1.105472094704707473e+02
1.081518702552293625e-29 1.121498687206572527e+02
1.056875971184800742e-29 1.137757625389953802e+02
1.032794731918956751e-29 1.154252277688613191e+02
1.009262190987044303e-29 1.170986061370251008e+02
9.862658461312871267e-30 1.187962443244430091e+02
9.637934799615756320e-30 1.205184940380828493e+02
9.418331534647999830e-30 1.222657120837837255e+02
9.203731996618192082e-30 1.240382604401877984e+02
8.994022174092089669e-30 1.258365063337191430e+02
8.789090653419926923e-30 1.276608223146745473e+02
8.588828559546293252e-30 1.295115863344013007e+02
8.393129498166338809e-30 1.313891818236012341e+02
8.201889499202245734e-30 1.332939977717620934e+02
8.015006961565380930e-30 1.352264288077581682e+02
7.832382599179236306e-30 1.371868752815909716e+02
7.653919388230123674e-30 1.391757433473489414e+02
7.479522515621859681e-30 1.411934450473355014e+02
7.309099328602887737e-30 1.432403983974459436e+02
7.142559285543162536e-30 1.453170274737639716e+02
6.979813907830638414e-30 1.474237625004216170e+02
6.820776732865719897e-30 1.495610399387246900e+02
6.665363268124893167e-30 1.517293025775894932e+02
6.513490946272835666e-30 1.539289996252604737e+02
6.365079081295552397e-30 1.561605868023878827e+02
6.220048825634743483e-30 1.584245264364353147e+02
6.078323128297211307e-30 1.607212875574646205e+02
5.939826693920386913e-30 1.630513459953002950e+02
5.804485942768960382e-30 1.654151844781235923e+02
5.672228971644572756e-30 1.678132927324616332e+02
5.542985515684652167e-30 1.702461675846674893e+02
5.416686911033179903e-30 1.727143130638295645e+02
5.293266058360545258e-30 1.752182405062084172e+02
5.172657387216045613e-30 1.777584686611656082e+02
5.054796821191224766e-30 1.803355237986381496e+02
4.939621743878345835e-30 1.829499398181607148e+02
4.827070965603168448e-30 1.856022583594921116e+02
4.717084690917041226e-30 1.882930289148083318e+02
4.609604486828419523e-30 1.910228089425595783e+02
4.504573251759481565e-30 1.937921639829539231e+02
4.401935185208860972e-30 1.966016677751257191e+02
4.301635758106816915e-30 1.994519023759915513e+02
4.203621683844700683e-30 2.023434582808552591e+02
4.107840889965667665e-30 2.052769345457189445e+02
4.014242490499309806e-30 2.082529389114183118e+02
3.922776758927739773e-30 2.112720879295059433e+02
3.833395101766589404e-30 2.143350070900034154e+02
3.746050032748981292e-30 2.174423309509800788e+02
3.660695147596891044e-30 2.205947032700117063e+02
3.577285099367862377e-30 2.237927771375612167e+02
3.495775574363264545e-30 2.270372151122750779e+02
3.416123268585518248e-30 2.303286893582502728e+02
3.338285864731750505e-30 2.336678817842893068e+02
3.262222009711659872e-30 2.370554841851742083e+02
3.187891292677636113e-30 2.404921983849905871e+02
3.115254223555478343e-30 2.439787363825197701e+02
3.044272212064293498e-30 2.475158204987582167e+02
2.974907547214431314e-30 2.511041835265560849e+02
2.907123377272569467e-30 2.547445688824351180e+02
2.840883690183295520e-30 2.584377307606053478e+02
2.776153294436792581e-30 2.621844342892147210e+02
2.712897800372458750e-30 2.659854556888661250e+02
2.651083601908530769e-30 2.698415824334217632e+02
2.590677858688000854e-30 2.737536134131603944e+02
2.531648478631347642e-30 2.777223591002781404e+02
2.473964100886806407e-30 2.817486417167997956e+02
2.417594079169123345e-30 2.858332954049219552e+02
2.362508465477940184e-30 2.899771663998258759e+02
2.308677994187162755e-30 2.941811132049980415e+02
2.256074066496854577e-30 2.984460067700804302e+02
2.204668735239402876e-30 3.027727306713230746e+02
2.154434690031877832e-30 3.071621812946291357e+02
2.105345242766699617e-30 3.116152680212649670e+02
2.057374313432907464e-30 3.161329134162608057e+02
2.010496416260492849e-30 3.207160534195424475e+02
1.964686646180440661e-30 3.253656375398365412e+02
1.919920665593278840e-30 3.300826290513738854e+02
1.876174691439115628e-30 3.348680051934706512e+02
1.833425482562285106e-30 3.397227573729771279e+02
1.791650327363895816e-30 3.446478913696739710e+02
1.750827031735719813e-30 3.496444275446439747e+02
1.710933907269009830e-30 3.547134010516649028e+02
1.671949759731984942e-30 3.598558620516693622e+02
1.633853877809856855e-30 3.650728759302994604e+02
1.596626022101422031e-30 3.703655235186450341e+02
1.560246414366364852e-30 3.757349013171522074e+02
1.524695727017569937e-30 3.811821217227929424e+02
1.489955072852850684e-30 3.867083132595253687e+02
1.456005995020645604e-30 3.923146208120946312e+02
1.422830457214348944e-30 3.980022058632235940e+02
1.390410834090066781e-30 4.037722467342456980e+02
1.358729901902706458e-30 4.096259388292094741e+02
1.327770829355426320e-30 4.155644948825552092e+02
1.297517168657584127e-30 4.215891452103492725e+02
1.267952846786431278e-30 4.277011379651772813e+02
1.239062156947913164e-30 4.339017393947292476e+02
1.210829750232037001e-30 4.401922341041332629e+02
1.183240627458375555e-30 4.465739253220966134e+02
1.156280131207373055e-30 4.530481351708865532e+02
1.129933938033219445e-30 4.596162049402616958e+02
1.104188050854157931e-30 4.662794953653385619e+02
1.079028791516181315e-30 4.730393869085040706e+02
1.054442793526166333e-30 4.798972800454123444e+02
1.030416994950585417e-30 4.868545955551268207e+02
1.006938631476024992e-30 4.939127748144734937e+02
9.839952296278206872e-31 5.010732800966407012e+02
9.615746001432075951e-31 5.083375948741489196e+02
9.396648314954671003e-31 5.157072241261718091e+02
9.182542835656262285e-31 5.231836946503333365e+02
8.973315814583500854e-31 5.307685553790209951e+02
8.768856094587408094e-31 5.384633777002848092e+02
8.569055051268330175e-31 5.462697557833927249e+02
8.373806535266471837e-31 5.541893069090838253e+02
8.183006815867373623e-31 5.622236718046541455e+02
7.996554525892329009e-31 5.703745149838548514e+02
7.814350607844526102e-31 5.786435250917420490e+02
7.636298261282225838e-31 5.870324152545194920e+02
7.462302891391092569e-31 5.955429234344553606e+02
7.292272058728297446e-31 6.041768127899473484e+02
7.126115430111730493e-31 6.129358720407844885e+02
6.963744730628208189e-31 6.218219158387535117e+02
6.805073696735192186e-31 6.308367851435680222e+02
6.650018030431104955e-31 6.399823476042730590e+02
6.498495354469875536e-31 6.492604979461740413e+02
6.350425168595949359e-31 6.586731583633750233e+02
6.205728806776487455e-31 6.682222789170133410e+02
6.064329395408049636e-31 6.779098379392403331e+02
5.926151812475540560e-31 6.877378424431133226e+02
5.791122647641746717e-31 6.977083285383757811e+02
5.659170163246231163e-31 7.078233618532919991e+02
5.530224256192888832e-31 7.180850379625921960e+02
5.404216420705904017e-31 7.284954828216218630e+02
5.281079711934320189e-31 7.390568532067907199e+02
5.160748710385897372e-31 7.497713371623777903e+02
5.043159487171348306e-31 7.606411544538730141e+02
4.928249570040503537e-31 7.716685570278327759e+02
4.815957910192340971e-31 7.828558294784304508e+02
4.706224849841271675e-31 7.942052895207655183e+02
4.598992090522428458e-31 8.057192884710350427e+02
4.494202662119132874e-31 8.174002117336724496e+02
4.391800892596077160e-31 8.292504792955149924e+02
4.291732378422149076e-31 8.412725462272028381e+02
4.193943955667177967e-31 8.534689031917799866e+02
4.098383671757252560e-31 8.658420769607025704e+02
4.005000757873602602e-31 8.783946309373204713e+02
3.913745601980375804e-31 8.911291656879484435e+02
3.824569722466991447e-31 9.040483194806446363e+02
3.737425742391056354e-31 9.171547688317616576e+02
3.652267364308167868e-31 9.304512290604964164e+02
3.569049345675222310e-31 9.439404548514050930e+02
3.487727474814170571e-31 9.576252408251101542e+02
3.408258547423444932e-31 9.715084221172736534e+02
3.330600343624581617e-31 9.855928749659648247e+02
3.254711605531841653e-31 9.998815173075506664e+02
3.180552015332913306e-31 1.014377309381184432e+03
3.108082173869057431e-31 1.029083254342140208e+03
3.037263579703305374e-31 1.044002398883956403e+03
2.968058608665596250e-31 1.059137833869641781e+03
2.900430493863985652e-31 1.074492694972020445e+03
2.834343306151303509e-31 1.090070163323365023e+03
2.769761935036885363e-31 1.105873466174452915e+03
2.706652070033235585e-31 1.121905877563134254e+03
2.644980182427714502e-31 1.138170718992681941e+03
2.584713507469558556e-31 1.154671360119886003e+03
2.525820026962779558e-31 1.171411219453168769e+03
2.468268452255687461e-31 1.188393765060812029e+03
2.412028207618002215e-31 1.205622515289450803e+03
2.357069413996723024e-31 1.223101039492995824e+03
2.303362873142126507e-31 1.240832958772070015e+03
2.250880052095457066e-31 1.258821946724268855e+03
2.199593068030070277e-31 1.277071730205194172e+03
2.149474673437976203e-31 1.295586090100573756e+03
2.100498241653910841e-31 1.314368862109562997e+03
2.052637752709247836e-31 1.333423937539403596e+03
2.005867779508229848e-31 1.352755264111601718e+03
1.960163474319181612e-31 1.372366846779806110e+03
1.915500555573523888e-31 1.392262748559485999e+03
1.871855294965575478e-31 1.412447091369751661e+03
1.829204504846290070e-31 1.432924056887264214e+03
1.787525525904231900e-31 1.453697887412582759e+03
1.746796215127242225e-31 1.474772886749060945e+03
1.706994934038404498e-31 1.496153421094483292e+03
1.668100537200055825e-31 1.517843919945641574e+03
1.630092360979737884e-31 1.539848877015963808e+03
1.592950212572119757e-31 1.562172851166569217e+03
1.556654359271058887e-31 1.584820467350698436e+03
1.521185517986101683e-31 1.607796417571897109e+03
1.486524844997854074e-31 1.631105461856077682e+03
1.452653925946778161e-31 1.654752429237675415e+03
1.419554766050098585e-31 1.678742218760112792e+03
1.387209780541618042e-31 1.703079800490701018e+03
1.355601785329366178e-31 1.727770216550392433e+03
1.324713987866114690e-31 1.752818582158322670e+03
1.294529978227913441e-31 1.778230086691567749e+03
1.265033720395901117e-31 1.804009994760247537e+03
1.236209543736766580e-31 1.830163647298219303e+03
1.208042134677326408e-31 1.856696462669596031e+03
1.180516528568803208e-31 1.883613937791232274e+03
1.153618101736476237e-31 1.910921649271633214e+03
1.127332563710484879e-31 1.938625254566225976e+03
1.101645949633654649e-31 1.966730493149452514e+03
1.076544612842313721e-31 1.995243187703842068e+03
1.052015217616156837e-31 2.024169245326320151e+03
1.028044732093307644e-31 2.053514658752025298e+03
1.004620421346811048e-31 2.083285507595780928e+03
9.817298406188821059e-32 2.113487959611737551e+03
9.593608287093127506e-32 2.144128271971103459e+03
9.375015015145270736e-32 2.175212792558489127e+03
9.161402457138502399e-32 2.206747961287022918e+03
8.952657125996382056e-32 2.238740311432537965e+03
8.748668120479896382e-32 2.271196470987115390e+03
8.549327066268367598e-32 2.304123164032160730e+03
8.354528058382853994e-32 2.337527212131571559e+03
8.164167604921454847e-32 2.371415535744915815e+03
7.978144572076612925e-32 2.405795155661191984e+03
7.796360130405220532e-32 2.440673194453355791e+03
7.618717702322983084e-32 2.476056877953933054e+03
7.445122910795128109e-32 2.511953536752048876e+03
7.275483529196217567e-32 2.548370607712053697e+03
7.109709432312423473e-32 2.585315635514374208e+03
6.947712548460225668e-32 2.622796274218493181e+03
6.789406812696098179e-32 2.660820288848697146e+03
6.634708121092337388e-32 2.699395557002786518e+03
6.483534286054714001e-32 2.738530070484114731e+03
6.335804992658241709e-32 2.778231936957303787e+03
6.191441755977834909e-32 2.818509381627855419e+03
6.050367879391212487e-32 2.859370748946335880e+03
5.912508413831868812e-32 2.900824504337042981e+03
5.777790117970494746e-32 2.942879235951846567e+03
5.646141419303660573e-32 2.985543656449431182e+03
5.517492376129116899e-32 3.028826604800336099e+03
5.391774640387494302e-32 3.072737048118187886e+03
5.268921421350666421e-32 3.117284083517355157e+03
5.148867450137486733e-32 3.162476939997785848e+03
5.031548945038046078e-32 3.208324980356920605e+03
4.916903577628021129e-32 3.254837703129447164e+03
4.804870439655124074e-32 3.302024744555152211e+03
4.695390010680053000e-32 3.349895880575303636e+03
4.588404126454751884e-32 3.398461028858001100e+03
4.483855948021181575e-32 3.447730250852750942e+03
4.381689931514185786e-32 3.497713753875105795e+03
4.281851798652406672e-32 3.548421893221247046e+03
4.184288507901576249e-32 3.599865174313364150e+03
4.088948226294855871e-32 3.652054254876107734e+03
3.995780301895265436e-32 3.704999947144594898e+03
3.904735236885556027e-32 3.758713220104458287e+03
3.815764661271244774e-32 3.813205201764214962e+03
3.728821307182830167e-32 3.868487181460885949e+03
3.643858983763540477e-32 3.924570612198735944e+03
3.560832552629274487e-32 3.981467113022070862e+03
3.479697903887688228e-32 4.039188471422405200e+03
3.400411932703702725e-32 4.097746645780525796e+03
3.322932516398968312e-32 4.157153767843997230e+03
3.247218492073125420e-32 4.217422145240409918e+03
3.173229634734973242e-32 4.278564264027409990e+03
3.100926635931923713e-32 4.340592791279348603e+03
3.030271082866393023e-32 4.403520577711613441e+03
2.961225437988031389e-32 4.467360660342965275e+03
2.893753019050947448e-32 4.532126265196468921e+03
2.827817979625338167e-32 4.597830810039590688e+03
2.763385290053167243e-32 4.664487907164048011e+03
2.700420718837769802e-32 4.732111366205777813e+03
2.638890814457507535e-32 4.800715197006161361e+03
2.578762887593798183e-32 4.870313612514355555e+03
2.520004993764089635e-32 4.940921031731887524e+03
2.462585916350544282e-32 5.012552082699899074e+03
2.406475150015421810e-32 5.085221605529700355e+03
2.351642884494346213e-32 5.158944655477303968e+03
2.298059988758848885e-32 5.233736506062317858e+03
2.245697995539771797e-32 5.309612652232474829e+03
2.194529086203311534e-32 5.386588813573622247e+03
2.144526075971665342e-32 5.464680937566457033e+03
2.095662399480430822e-32 5.543905202890432520e+03
2.047912096665083319e-32 5.624278022775568388e+03
2.001249798969034888e-32 5.705816048402891283e+03
1.955650715865947040e-32 5.788536172353948132e+03
1.911090621689135841e-32 5.872455532110790955e+03
1.867545842761074123e-32 5.957591513606241278e+03
1.824993244816150425e-32 6.043961754825850221e+03
1.783410220710006330e-32 6.131584149462035384e+03
1.742774678408917289e-32 6.220476850621197627e+03
1.703065029252842645e-32 6.310658274584627179e+03
1.664260176485901980e-32 6.402147104623673840e+03
1.626339504048190616e-32 6.494962294870755613e+03
1.589282865622976283e-32 6.589123074245957469e+03
1.553070573933458560e-32 6.684648950440819135e+03
1.517683390283403793e-32 6.781559713959832152e+03
1.483102514336102827e-32 6.879875442220520199e+03
1.449309574126214976e-32 6.979616503713018574e+03
1.416286616299197362e-32 7.080803562219677588e+03
1.384016096573130171e-32 7.183457581096407012e+03
1.352480870417874006e-32 7.287599827615513277e+03
1.321664183946603862e-32 7.393251877371795672e+03
1.291549665014882804e-32 7.500435618752444498e+03
1.262121314522546220e-32 7.609173257471763463e+03
1.233363497913774570e-32 7.719487321171674012e+03
1.205260936870841315e-32 7.831400664088620033e+03
1.177798701197118107e-32 7.944936471788751987e+03
1.150962200885031133e-32 8.060118265971126675e+03
1.124737178364750737e-32 8.176969909340865343e+03
1.099109700929496114e-32 8.295515610552887665e+03
1.074066153333432343e-32 8.415779929227328466e+03
1.049593230558226557e-32 8.537787781037719469e+03
1.025677930744420767e-32 8.661564442872610016e+03
1.002307548283864363e-32 8.787135558072694039e+03
9.794696670695465180e-33 8.914527141743104949e+03
9.571521538991855122e-33 9.043765586143512337e+03
9.353431520292300716e-33 9.174877666155261977e+03
9.140310748756222228e-33 9.307890544828793281e+03
8.932045998581031978e-33 9.442831779011521576e+03
8.728526623848370735e-33 9.579729325056297967e+03
8.529644499740946745e-33 9.718611544613311708e+03
8.335293965098186820e-33 9.859507210506293632e+03
8.145371766280804181e-33 1.000244551269310068e+04
7.959777002314977607e-33 1.014745606431362285e+04
7.778411071286419009e-33 1.029456890782412484e+04
7.601177617955322307e-33 1.044381452122174960e+04
7.427982482564970894e-33 1.059522382435878899e+04
7.258733650817246298e-33 1.074882818534865328e+04
7.093341204987931666e-33 1.090465942706385795e+04
6.931717276155400245e-33 1.106274983372930728e+04
6.773775997517800765e-33 1.122313215761122774e+04
6.619433458774388052e-33 1.138583962580178559e+04
6.468607661546268147e-33 1.155090594710342339e+04
6.321218475812448481e-33 1.171836531901199487e+04
6.177187597338538320e-33 1.188825243480206700e+04
6.036438506075864137e-33 1.206060249071459475e+04
5.898896425508445023e-33 1.223545119324789084e+04
5.764488282925873319e-33 1.241283476655556660e+04
5.633142670601397795e-33 1.259278995995176228e+04
5.504789807854967862e-33 1.277535405552385964e+04
5.379361503980653824e-33 1.296056487585645118e+04
5.256791122018419250e-33 1.314846079186773568e+04
5.137013543351380610e-33 1.333908073075846187e+04
5.019965133110079362e-33 1.353246418407728561e+04
4.905583706365005622e-33 1.372865121590143281e+04
4.793808495089106616e-33 1.392768247113746656e+04
4.684580115873083876e-33 1.412959918394245324e+04
4.577840538376616411e-33 1.433444318626571294e+04
4.473533054498426715e-33 1.454225691651542547e+04
4.371602248248502002e-33 1.475308342835135772e+04
4.271993966306811417e-33 1.496696639960389075e+04
4.174655289253134365e-33 1.518395014132367396e+04
4.079534503452415310e-33 1.540407960696062582e+04
3.986581073580438753e-33 1.562740040167773805e+04
3.895745615775532934e-33 1.585395879179993790e+04
3.806979871402283794e-33 1.608380171439827063e+04
3.720236681413035479e-33 1.631697678701429140e+04
3.635469961293317649e-33 1.655353231752519059e+04
3.552634676578168498e-33 1.679351731415276299e+04
3.471686818926559780e-33 1.703698149561542232e+04
3.392583382740963881e-33 1.728397530142948381e+04
3.315282342319423210e-33 1.753454990235820514e+04
3.239742629528221808e-33 1.778875721101376621e+04
3.165924111983520462e-33 1.804664989261240407e+04
3.093787571730111353e-33 1.830828137588409663e+04
3.023294684405776322e-33 1.857370586414235004e+04
2.954407998880404108e-33 1.884297834651450466e+04
2.887090917359234672e-33 1.911615460933269424e+04
2.821307675939447516e-33 1.939329124769226473e+04
2.757023325609582561e-33 1.967444567717603422e+04
2.694203713681904435e-33 1.995967614575010157e+04
2.632815465648020126e-33 2.024904174583152781e+04
2.572825967447911165e-33 2.054260242652944726e+04
2.514203348142796692e-33 2.084041900606577110e+04
2.456916462982810311e-33 2.114255318437603273e+04
2.400934876860651880e-33 2.144906755589067689e+04
2.346228848142243324e-33 2.176002562250316259e+04
2.292769312865648842e-33 2.207549180672679722e+04
2.240527869300036432e-33 2.239553146504053802e+04
2.189476762856620563e-33 2.272021090143028050e+04
2.139588871343403975e-33 2.304959738112367995e+04
2.090837690555750097e-33 2.338375914452667348e+04
2.043197320195287297e-33 2.372276542136209900e+04
1.996642450109793265e-33 2.406668644501082235e+04
1.951148346846600431e-33 2.441559346706242650e+04
1.906690840512251809e-33 2.476955877207770754e+04
1.863246311931574907e-33 2.512865569256338495e+04
1.820791680099462468e-33 2.549295862416492309e+04
1.779304389918562907e-33 2.586254304107958160e+04
1.738762400216250629e-33 2.623748551169190614e+04
1.699144172034639832e-33 2.661786371443776079e+04
1.660428657187529590e-33 2.700375645389756028e+04
1.622595287078073922e-33 2.739524367712079766e+04
1.585623961771137177e-33 2.779240649019007469e+04
1.549495039314644346e-33 2.819532717502536252e+04
1.514189325304352077e-33 2.860408920642865996e+04
1.479688062686384218e-33 2.901877726937918487e+04
1.445972921792019581e-33 2.943947727657675932e+04
1.413025990599545135e-33 2.986627638624188694e+04
1.380829765218092363e-33 3.029926302017295893e+04
1.349367140588295472e-33 3.073852688206302992e+04
1.318621401394748544e-33 3.118415897608530213e+04
1.288576213185528489e-33 3.163625162574814385e+04
1.259215613694150880e-33 3.209489849302012954e+04
1.230524004359251543e-33 3.256019459773460403e+04
1.202486142037412290e-33 3.303223633727666311e+04
1.175087130904817104e-33 3.351112150655291771e+04
1.148312414543511094e-33 3.399694931825365347e+04
1.122147768207971072e-33 3.448982042340478074e+04
1.096579291267809892e-33 3.498983693222136935e+04
1.071593399822679854e-33 3.549710243526379054e+04
1.047176819485520278e-33 3.601172202489671326e+04
1.023316578330236457e-33 3.653380231706180348e+04
1.000000000000000056e-33 3.706345147336726222e+04
