9.999999999999999604e-24 2.002875737687375216e-02
9.772146969725724738e-24 2.032671806187116154e-02
9.549485639791965794e-24 2.062911140178238373e-02
9.331897715733238896e-24 2.093600333963480109e-02
9.119267598459297506e-24 2.124746079946645758e-02
8.911482322840201665e-24 2.156355170092071408e-02
8.708431497690723643e-24 2.188434497405726542e-02
8.510007247122245829e-24 2.220991057438346725e-02
8.316104153230962074e-24 2.254031949811018121e-02
8.126619200091945995e-24 2.287564379763323830e-02
7.941451719029340346e-24 2.321595659724654329e-02
7.760503335133571050e-24 2.356133210908807618e-02
7.583677914997190344e-24 2.391184564932304774e-02
7.410881515641569167e-24 2.426757365456880949e-02
7.242022334607315734e-24 2.462859369856262512e-02
7.077010661181889384e-24 2.499498450907890190e-02
6.915758828738525318e-24 2.536682598509708633e-02
6.758181168161110409e-24 2.574419921422496302e-02
6.604193962330304856e-24 2.612718649038206151e-02
6.453715401646701858e-24 2.651587133174522493e-02
6.306665540567405945e-24 2.691033849896112828e-02
6.162966255132942524e-24 2.731067401363080835e-02
6.022541201461927680e-24 2.771696517706755472e-02
5.885315775191450364e-24 2.812930058933552774e-02
5.751217071841613552e-24 2.854777016857045283e-02
5.620173848083187866e-24 2.897246517058777587e-02
5.492116483887788896e-24 2.940347820878365034e-02
5.366976945540475783e-24 2.984090327433023063e-02
5.244688749495119009e-24 3.028483575667321320e-02
5.125186927053332750e-24 3.073537246433307932e-02
5.008407989848212386e-24 3.119261164601578457e-02
4.894289896114532080e-24 3.165665301203877957e-02
4.782772017727484994e-24 3.212759775607385015e-02
4.673795107992463720e-24 3.260554857721537081e-02
4.567301270168746670e-24 3.309060970237552579e-02
4.463233926710397639e-24 3.358288690901273243e-02
4.361537789208005389e-24 3.408248754819935555e-02
4.262158829015325017e-24 3.458952056803141911e-02
4.165044248545184823e-24 3.510409653738650465e-02
4.070142453219438979e-24 3.562632767003655332e-02
3.977403024058036467e-24 3.615632784911722297e-02
3.886776690892667640e-24 3.669421265196341070e-02
3.798215306190736261e-24 3.724009937531285591e-02
3.711671819475767098e-24 3.779410706088460331e-02
3.627100252330648591e-24 3.835635652133952134e-02
3.544455673970435593e-24 3.892697036662477045e-02
3.463694177371733998e-24 3.950607303071244913e-02
3.384772855945982922e-24 4.009379079873453405e-02
3.307649780744242543e-24 4.069025183452139316e-02
3.232283978181380723e-24 4.129558620855151851e-02
3.158635408267818998e-24 4.190992592631555963e-02
3.086664943337274359e-24 4.253340495710228319e-02
3.016334347259197398e-24 4.316615926321450830e-02
2.947606255124858643e-24 4.380832682961709190e-02
2.880444153396297907e-24 4.446004769402852469e-02
2.814812360507581092e-24 4.512146397745857296e-02
2.750676007908067484e-24 4.579271991520002943e-02
2.688001021537607666e-24 4.647396188828348956e-02
2.626754103723838313e-24 4.716533845539720021e-02
2.566902715491951711e-24 4.786700038528465817e-02
2.508415059277541183e-24 4.857910068962220662e-02
2.451260062033339982e-24 4.930179465638577507e-02
2.395407358720879479e-24 5.003523988371596370e-02
2.340827276178294161e-24 5.077959631428394238e-02
2.287490817355704076e-24 5.153502627017158416e-02
2.235369645909796390e-24 5.230169448826853945e-02
2.184436071149428299e-24 5.307976815619582650e-02
2.134663033324245433e-24 5.386941694876572206e-02
2.086024089248504962e-24 5.467081306498225435e-02
2.038493398252464167e-24 5.548413126559196412e-02
1.992045708453871177e-24 5.630954891119565459e-02
1.946656343342263211e-24 5.714724600092363493e-02
1.902301188668945870e-24 5.799740521168983420e-02
1.858956679635688327e-24 5.886021193802752627e-02
1.816599788375328659e-24 5.973585433251764332e-02
1.775208011717636027e-24 6.062452334682100208e-02
1.734759359233932522e-24 6.152641277331720449e-02
1.695232341554121503e-24 6.244171928736677590e-02
1.656605958949915079e-24 6.337064249019949691e-02
1.618859690178199226e-24 6.431338495244071085e-02
1.581973481578601579e-24 6.527015225828754208e-02
1.545927736419478458e-24 6.624115305033995149e-02
1.510703304486655635e-24 6.722659907509868915e-02
1.476281471909391007e-24 6.822670522914282831e-02
1.442643951218158727e-24 6.924168960599011435e-02
1.409772871628967618e-24 7.027177354365869710e-02
1.377650769549054937e-24 7.131718167293353561e-02
1.346260579298910947e-24 7.237814196635085351e-02
1.315585624045705132e-24 7.345488578791417589e-02
1.285609606943296546e-24 7.454764794354569457e-02
1.256316602474121539e-24 7.565666673229252959e-02
1.227691047988360474e-24 7.678218399829175866e-02
1.199717735435885523e-24 7.792444518350859217e-02
1.172381803286599793e-24 7.908369938126212639e-02
1.145668728634872645e-24 8.026019939054268582e-02
1.119564319483879473e-24 8.145420177114207072e-02
1.094054707205743624e-24 8.266596689960066524e-02
1.069126339173477203e-24 8.389575902598683799e-02
1.044765971560805237e-24 8.514384633152403958e-02
1.020960662306047528e-24 8.641050098707223071e-02
9.976977642363212160e-25 8.769599921247916985e-02
9.749649183484095637e-25 8.900062133681828358e-02
9.527500472427300580e-25 9.032465185951728259e-02
9.310413487069084147e-25 9.166837951240151827e-02
9.098272894455567132e-25 9.303209732265683984e-02
8.890965989529167059e-25 9.441610267672893853e-02
8.688382635251193478e-25 9.582069738517724755e-02
8.490415204088755051e-25 9.724618774848771408e-02
8.296958520834916019e-25 9.869288462387064420e-02
8.107909806731694372e-25 1.001611034930482980e-01
7.923168624866261835e-25 1.016511645310508166e-01
7.742636826811277888e-25 1.031633926760394115e-01
7.566218500481062388e-25 1.046981177001644892e-01
7.393819919175873397e-25 1.062556742814779603e-01
7.225349491787221692e-25 1.078364020769195381e-01
7.060717714137779777e-25 1.094406457963823937e-01
6.899837121430025420e-25 1.110687552778872739e-01
6.742622241778349368e-25 1.127210855638704906e-01
6.588989550799956527e-25 1.143979969786067391e-01
6.438857427240426255e-25 1.160998552067884076e-01
6.292146109610350239e-25 1.178270313732668051e-01
6.148777653810029397e-25 1.195799021239868226e-01
6.008675891719693372e-25 1.213588497081208584e-01
5.871766390733261784e-25 1.231642620614245148e-01
5.737976414214139384e-25 1.249965328908373419e-01
5.607234882852038637e-25 1.268560617603347040e-01
5.479472336900292581e-25 1.287432541780643702e-01
5.354620899273613018e-25 1.306585216847742648e-01
5.232614239486666956e-25 1.326022819435557776e-01
5.113387538414330952e-25 1.345749588309268496e-01
4.996877453854888907e-25 1.365769825292652839e-01
4.883022086877885202e-25 1.386087896206172065e-01
4.771760948938750961e-25 1.406708231819064348e-01
4.663034929742736329e-25 1.427635328815519411e-01
4.556786265841068284e-25 1.448873750775312996e-01
4.452958509942660332e-25 1.470428129168970810e-01
4.351496500925053992e-25 1.492303164367736190e-01
4.252346334528686172e-25 1.514503626668625147e-01
4.155455334718879575e-25 1.537034357334637336e-01
4.060772025700369767e-25 1.559900269650534854e-01
3.968246104569486047e-25 1.583106349994266859e-01
3.877828414589461406e-25 1.606657658924330323e-01
3.789470919074671521e-25 1.630559332283366691e-01
3.703126675869931034e-25 1.654816582318118512e-01
3.618749812411283922e-25 1.679434698816044957e-01
3.536295501355046667e-25 1.704419050258914881e-01
3.455719936762143013e-25 1.729775084993459833e-01
3.376980310825094677e-25 1.755508332419544182e-01
3.300034791125288575e-25 1.781624404195943923e-01
3.224842498408445586e-25 1.808128995464061139e-01
3.151363484866482633e-25 1.835027886089915516e-01
3.079558712914229883e-25 1.862326941924503931e-01
3.009390034449724275e-25 1.890032116083020242e-01
2.940820170587066939e-25 1.918149450243031851e-01
2.873812691851069426e-25 1.946685075961966382e-01
2.808331998823175447e-25 1.975645216014277616e-01
2.744343303228368386e-25 2.005036185748384769e-01
2.681812609453018269e-25 2.034864394463918869e-01
2.620706696483855085e-25 2.065136346809377521e-01
2.560993100258462021e-25 2.095858644200570831e-01
2.502640096417921841e-25 2.127037986260243707e-01
2.445616683452448938e-25 2.158681172279041938e-01
2.389892566231052635e-25 2.190795102698207542e-01
2.335438139906481649e-25 2.223386780614423908e-01
2.282224474186900746e-25 2.256463313306911189e-01
2.230223297965940737e-25 2.290031913787376749e-01
2.179406984302958082e-25 2.324099902372932791e-01
2.129748535745523138e-25 2.358674708282411658e-01
2.081221569986341612e-25 2.393763871256524567e-01
2.033800305846984101e-25 2.429375043201979223e-01
1.987459549580985734e-25 2.465515989860201929e-01
1.942174681489028324e-25 2.502194592500786019e-01
1.897921642839103370e-25 2.539418849640133202e-01
1.854676923084701230e-25 2.577196878785754097e-01
1.812417547374239569e-25 2.615536918206425865e-01
1.771121064345090480e-25 2.654447328728680722e-01
1.730765534195727720e-25 2.693936595560131875e-01
1.691329517029650549e-25 2.734013330139757336e-01
1.652792061464897186e-25 2.774686272015877142e-01
1.615132693503092969e-25 2.815964290751957200e-01
1.578331405652119677e-25 2.857856387860762681e-01
1.542368646296630489e-25 2.900371698767402751e-01
1.507225309310758569e-25 2.943519494801403735e-01
1.472882723907504778e-25 2.987309185218591234e-01
1.439322644719409410e-25 3.031750319252936587e-01
1.406527242105239347e-25 3.076852588198925598e-01
1.374479092677539357e-25 3.122625827525026820e-01
1.343161170046018158e-25 3.169080019018418182e-01
1.312556835771845486e-25 3.216225292961804594e-01
1.282649830528062460e-25 3.264071930342497541e-01
1.253424265461402112e-25 3.312630365094352825e-01
1.224864613750933125e-25 3.361911186373181537e-01
1.196955702359045220e-25 3.411925140865891271e-01
1.169682703970387130e-25 3.462683135133979295e-01
1.143031129114481077e-25 3.514196237992027738e-01
1.116986818467824906e-25 3.566475682921369517e-01
1.091535935331393358e-25 3.619532870519880929e-01
1.066664958279540887e-25 3.673379370988068549e-01
1.042360673976403229e-25 3.728026926652143191e-01
1.018610170155977387e-25 3.783487454524779303e-01
9.954008287621539061e-26 3.839773048903722952e-01
9.727203192450556821e-26 3.896895984009388081e-01
9.505565920101210223e-26 3.954868716661295580e-01
9.288978720164516366e-26 4.013703888994661906e-01
9.077326525210242137e-26 4.073414331217211637e-01
8.870496889654420501e-26 4.134013064407194848e-01
8.668379930019792023e-26 4.195513303352703671e-01
8.470868266557419480e-26 4.257928459433519830e-01
8.277856966198489128e-26 4.321272143545846767e-01
8.089243486805955022e-26 4.385558169070236101e-01
7.904927622696437001e-26 4.450800554883976301e-01
7.724811451403415451e-26 4.517013528418305501e-01
7.548799281653446692e-26 4.584211528760778198e-01
7.376797602527746189e-26 4.652409209804104773e-01
7.208715033782150269e-26 4.721621443441848531e-01
7.044462277299051345e-26 4.791863322811320547e-01
6.883952069645510064e-26 4.863150165585092277e-01
6.727099135712350446e-26 4.935497517311251969e-01
6.573820143409598563e-26 5.008921154803586129e-01
6.424033659394203849e-26 5.083437089581795965e-01
6.277660105806512496e-26 5.159061571363252607e-01
6.134621717992519137e-26 5.235811091606707990e-01
5.994842503189421224e-26 5.313702387108342196e-01
5.858248200152548083e-26 5.392752443651683825e-01
5.724766239702190070e-26 5.472978499711841360e-01
5.594325706169389314e-26 5.554398050214440774e-01
5.466857299720192095e-26 5.637028850350881415e-01
5.342293299538363361e-26 5.720888919450352050e-01
5.220567527846986365e-26 5.805996544909044488e-01
5.101615314749843906e-26 5.892370286178270078e-01
4.985373463873903568e-26 5.980028978811632312e-01
4.871780218794640868e-26 6.068991738572702133e-01
4.760775230226377913e-26 6.159277965603303651e-01
4.652299523960198588e-26 6.250907348654253237e-01
4.546295469532408798e-26 6.343899869379051593e-01
4.442706749606891992e-26 6.438275806690981762e-01
4.341478330055101073e-26 6.534055741185489374e-01
4.242556430717785944e-26 6.631260559628365803e-01
4.145888496832919853e-26 6.729911459510210525e-01
4.051423171114655606e-26 6.830029953669188858e-01
3.959110266468467009e-26 6.931637874982238268e-01
3.868900739327983336e-26 7.034757381126390818e-01
3.780746663599356924e-26 7.139410959410374957e-01
3.694601205199309946e-26 7.245621431678593849e-01
3.610418597173344465e-26 7.353411959288073119e-01
3.528154115380890322e-26 7.462806048158914241e-01
3.447764054734471309e-26 7.573827553900409626e-01
3.369205705980273740e-26 7.686500687013438915e-01
3.292437333007775293e-26 7.800850018169683819e-01
3.217418150676377854e-26 7.916900483569951907e-01
3.144108303147271042e-26 8.034677390382215512e-01
3.072468842709009680e-26 8.154206422259969722e-01
3.002461709085555354e-26 8.275513644943336411e-01
2.934049709215792804e-26 8.398625511943090816e-01
2.867196497493775813e-26 8.523568870309669032e-01
2.801866556459201205e-26 8.650370966487299640e-01
2.738025177927863273e-26 8.779059452255849605e-01
2.675638444552050988e-26 8.909662390761071693e-01
2.614673211801097208e-26 9.042208262633925075e-01
2.555097090352512334e-26 9.176725972201558168e-01
2.496878428884331748e-26 9.313244853790718647e-01
2.439986297259555192e-26 9.451794678124254556e-01
2.384390470093725271e-26 9.592405658813440983e-01
2.330061410696929317e-26 9.735108458946916121e-01
2.276970255381684779e-26 9.879934197776923943e-01
2.225088798128374059e-26 1.002691445750581112e+00
2.174389475600084430e-26 1.017608129017300911e+00
2.124845352498887158e-26 1.032746722464496614e+00
2.076430107255779092e-26 1.048110527370823108e+00
2.029118018046682165e-26 1.063702894126881127e+00
1.982883949127075331e-26 1.079527222965864341e+00
1.937703337477992746e-26 1.095586964704997612e+00
1.893552179756299056e-26 1.111885621498083010e+00
1.850407019542305934e-26 1.128426747599244218e+00
1.808244934877955543e-26 1.145213950137949466e+00
1.767043526088950178e-26 1.162250889905645623e+00
1.726780903884359411e-26 1.179541282154098036e+00
1.687435677727379287e-26 1.197088897405519825e+00
1.648986944471068207e-26 1.214897562274848575e+00
1.611414277253023045e-26 1.232971160304198621e+00
1.574697714643089881e-26 1.251313632809786247e+00
1.538817750038349570e-26 1.269928979741354214e+00
1.503755321299741431e-26 1.288821260554471326e+00
1.469491800624820109e-26 1.307994595095811841e+00
1.436008984651263473e-26 1.327453164501509075e+00
1.403289084785875967e-26 1.347201212108967594e+00
1.371314717753948371e-26 1.367243044382243422e+00
1.340068896363953426e-26 1.387583031851090665e+00
1.309535020482670456e-26 1.408225610064075761e+00
1.279696868215944145e-26 1.429175280555875283e+00
1.250538587290393886e-26 1.450436611828858080e+00
1.222044686631491228e-26 1.472014240349386327e+00
1.194200028133534923e-26 1.493912871558866984e+00
1.166989818617149880e-26 1.516137280899918727e+00
1.140399601970035404e-26 1.538692314857681431e+00
1.114415251466790481e-26 1.561582892016726065e+00
1.089022962263732763e-26 1.584814004133692444e+00
1.064209244064726861e-26 1.608390717225765654e+00
1.039960913954122399e-26 1.632318172675462309e+00
1.016265089392997235e-26 1.656601588351854781e+00
9.931091813749820902e-27 1.681246259748353511e+00
9.704808877380325998e-27 1.706257561137550560e+00
9.483681866285946295e-27 1.731640946743161491e+00
9.267593301146901725e-27 1.757401951929487005e+00
9.056428379445312271e-27 1.783546194408426766e+00
8.850074914473456756e-27 1.810079375464577867e+00
8.648423275731743755e-27 1.837007281198560049e+00
8.451366330684738648e-27 1.864335783788706458e+00
8.258799387844289647e-27 1.892070842771652606e+00
8.070620141149524567e-27 1.920218506341983433e+00
7.886728615614171697e-27 1.948784912671072789e+00
7.707027114212319653e-27 1.977776291245681106e+00
7.531420165974391138e-27 2.007198964226472260e+00
7.359814475265785695e-27 2.037059347826592148e+00
7.192118872221207614e-27 2.067363953710918523e+00
7.028244264308366676e-27 2.098119390416030683e+00
6.868103588995322025e-27 2.129332364791401755e+00
6.711611767496300483e-27 2.161009683461862618e+00
6.558685659571449161e-27 2.193158254311975863e+00
6.409244019356470063e-27 2.225785087992493860e+00
6.263207452198705005e-27 2.258897299449067031e+00
6.120498372476715562e-27 2.292502109473857352e+00
5.981040962380956632e-27 2.326606846280232510e+00
5.844761131633649478e-27 2.361218947100724108e+00
5.711586478126446510e-27 2.396345959808919179e+00
5.581446249454978032e-27 2.431995544565489276e+00
5.454271305329847544e-27 2.468175475488527226e+00
5.329994080844104257e-27 2.504893642348930083e+00
5.208548550577676333e-27 2.542158052290883319e+00
5.089870193519695363e-27 2.579976831578064012e+00
4.973895958790078083e-27 2.618358227365617186e+00
4.860564232142148891e-27 2.657310609498672704e+00
4.749814803228514353e-27 2.696842472337630081e+00
4.641588833612791882e-27 2.736962436610395066e+00
4.535828825510200166e-27 2.777679251292369145e+00
4.432478591240409915e-27 2.819001795514409991e+00
4.331483223376411530e-27 2.860939080498973830e+00
4.232789065573561654e-27 2.903500251525259035e+00
4.136343684063286266e-27 2.946694589923595675e+00
4.042095839796318290e-27 2.990531515099284388e+00
3.949995461220654811e-27 3.035020586586786528e+00
3.859993617679779118e-27 3.080171506134324666e+00
3.772042493417009219e-27 3.125994119819647477e+00
3.686095362172169530e-27 3.172498420197017222e+00
3.602106562357080876e-27 3.219694548476363494e+00
3.520031472796689717e-27 3.267592796734861249e+00
3.439826489022935137e-27 3.316203610161168935e+00
3.361449000108775709e-27 3.365537589333293500e+00
3.284857366030053803e-27 3.415605492530345622e+00
3.210010895543181567e-27 3.466418238078436964e+00
3.136869824566886129e-27 3.517986906731723984e+00
3.065395295056535999e-27 3.570322744088879396e+00
2.995549334359822508e-27 3.623437163045254206e+00
2.927294835042824815e-27 3.677341746281803214e+00
2.860595535175750669e-27 3.732048248790868161e+00
2.795415999067865032e-27 3.787568600439712441e+00
2.731721598441384483e-27 3.843914908571893108e+00
2.669478494034329127e-27 3.901099460647599049e+00
2.608653617622555826e-27 3.959134726923281722e+00
2.549214654451430844e-27 4.018033363170856909e+00
2.491130026067796192e-27 4.077808213437647211e+00
2.434368873543117890e-27 4.138472312847389922e+00
2.378901041078900544e-27 4.200038890442611361e+00
2.324697059985655011e-27 4.262521372069623560e+00
2.271728133026912157e-27 4.325933383306231228e+00
2.219966119119961554e-27 4.390288752433211705e+00
2.169383518385190910e-27 4.455601513449640727e+00
2.119953457536077429e-27 4.521885909133393611e+00
2.071649675602075311e-27 4.589156394147186901e+00
2.024446509976810051e-27 4.657427638190493546e+00
1.978318882784170279e-27 4.726714529198672743e+00
1.933242287555051097e-27 4.797032176589709707e+00
1.889192776207672206e-27 4.868395914558899307e+00
1.846146946324553388e-27 4.940821305422891996e+00
1.804081928719388455e-27 5.014324143013498158e+00
1.762975375287211264e-27 5.088920456121615032e+00
1.722805447131399109e-27 5.164626511992786995e+00
1.683550802961207708e-27 5.241458819874531549e+00
1.645190587753667576e-27 5.319434134616685128e+00
1.607704421673828535e-27 5.398569460324885938e+00
1.571072389247455346e-27 5.478882054068788143e+00
1.535275028780427373e-27 5.560389429645456794e+00
1.500293322019222940e-27 5.643109361398336077e+00
1.466108684046988985e-27 5.727059888093443796e+00
1.432702953409835316e-27 5.812259316853229940e+00
1.400058382468101801e-27 5.898726227148538115e+00
1.368157627967476134e-27 5.986479474850379567e+00
1.336983741824950718e-27 6.075538196341980779e+00
1.306520162124725343e-27 6.165921812691576243e+00
1.276750704319269651e-27 6.257650033887760088e+00
1.247659552630873612e-27 6.350742863137547545e+00
1.219231251649114496e-27 6.445220601228694335e+00
1.191450698119779696e-27 6.541103850956382360e+00
1.164303132920880334e-27 6.638413521616231883e+00
1.137774133221494813e-27 6.737170833564165129e+00
1.111849604819274384e-27 6.837397322843614234e+00
1.086515774652541617e-27 6.939114845882048854e+00
1.061759183483003446e-27 7.042345584257391877e+00
1.037566678745189038e-27 7.147112049534826816e+00
1.013925407558818372e-27 7.253437088176062808e+00
9.908228099003828853e-28 7.361343886521657609e+00
9.682466119303074753e-28 7.470855975846975916e+00
9.461848194722030221e-28 7.581997237493593111e+00
9.246257116405695548e-28 7.694791908077660558e+00
9.035578346138958160e-28 7.809264584774520124e+00
8.829699955494046754e-28 7.925440230683176601e+00
8.628512566366921976e-28 8.043344180269505372e+00
8.431909292866215627e-28 8.163002144891528644e+00
8.239785684528545279e-28 8.284440218405512368e+00
8.052039670825436845e-28 8.407684882857189734e+00
7.868571506936875674e-28 8.532763014255914769e+00
7.689283720758273834e-28 8.659701888436126538e+00
7.514081061116992486e-28 8.788529187004852972e+00
7.342870447166728039e-28 8.919273003378878073e+00
7.175560918936950285e-28 9.051961848910229591e+00
7.012063589007148692e-28 9.186624659104671409e+00
6.852291595284085785e-28 9.323290799930799011e+00
6.696160054853187714e-28 9.461990074224637226e+00
6.543586018883255698e-28 9.602752728187843090e+00
6.394488428556910884e-28 9.745609457984576451e+00
6.248788072006913230e-28 9.890591416434499905e+00
6.106407542232011777e-28 1.003773021980699021e+01
5.967271195973335017e-28 1.018705795471507081e+01
5.831305113526194846e-28 1.033860718511328436e+01
5.698437059469159423e-28 1.049241095939793134e+01
5.568596444286385854e-28 1.064850281761511752e+01
5.441714286865910160e-28 1.080691679877383393e+01
5.317723177850944612e-28 1.096768744826971265e+01
5.196557243827678949e-28 1.113084982541730028e+01
5.078152112327649894e-28 1.129643951109670397e+01
4.962444877628933300e-28 1.146449261551164334e+01
4.849374067335213445e-28 1.163504578606483975e+01
4.738879609717670781e-28 1.180813621534898950e+01
4.630902801799718397e-28 1.198380164925821134e+01
4.525386278170184998e-28 1.216208039521815820e+01
4.422273980505878658e-28 1.234301133054108668e+01
4.321511127789779350e-28 1.252663391090267631e+01
4.223044187206654574e-28 1.271298817894703603e+01
4.126820845702968484e-28 1.290211477301811449e+01
4.032789982193688679e-28 1.309405493602211479e+01
3.940901640403463722e-28 1.328885052442115722e+01
3.851107002325553117e-28 1.348654401736135000e+01
3.763358362286548240e-28 1.368717852593548301e+01
3.677609101601015723e-28 1.389079780258526320e+01
3.593813663804640332e-28 1.409744625064108980e+01
3.511927530450713147e-28 1.430716893400668255e+01
3.431907197459056885e-28 1.452001158698481298e+01
3.353710152002915315e-28 1.473602062425164760e+01
3.277294849923395439e-28 1.495524315097747348e+01
3.202620693657636909e-28 1.517772697310000751e+01
3.129648010670763252e-28 1.540352060774800869e+01
3.058338032378418957e-28 1.563267329382313342e+01
2.988652873550394960e-28 1.586523500273600185e+01
2.920555512182733099e-28 1.610125644930474209e+01
2.854009769829249289e-28 1.634078910281283825e+01
2.788980292380428305e-28 1.658388519823489560e+01
2.725432531281038873e-28 1.683059774762593364e+01
2.663332725174969914e-28 1.708098055168298046e+01
2.602647881969015124e-28 1.733508821147629320e+01
2.543345761304637632e-28 1.759297614035750712e+01
2.485394857429808744e-28 1.785470057604193528e+01
2.428764382460440388e-28 1.812031859287433733e+01
2.373424250023876093e-28 1.838988811427344316e+01
2.319345059274417967e-28 1.866346792536477395e+01
2.266498079273702021e-28 1.894111768579815447e+01
2.214855233726350410e-28 1.922289794275983255e+01
2.164389086064029073e-28 1.950887014417417831e+01
2.115072824868785957e-28 1.979909665210507441e+01
2.066880249629090691e-28 2.009364075635395963e+01
2.019785756819870147e-28 2.039256668826290309e+01
1.973764326300263438e-28 2.069593963471960052e+01
1.928791508020769934e-28 2.100382575237501115e+01
1.884843409033803063e-28 2.131629218206816390e+01
1.841896680799703292e-28 2.163340706346911446e+01
1.799928506782483811e-28 2.195523954993679894e+01
1.758916590327725297e-28 2.228185982360092510e+01
1.718839142817152696e-28 2.261333911066445523e+01
1.679674872092646276e-28 2.294974969693847555e+01
1.641402971144473214e-28 2.329116494360338407e+01
1.604003107056813287e-28 2.363765930320867170e+01
1.567455410205601457e-28 2.398930833590651801e+01
1.531740463702073462e-28 2.434618872593191341e+01
1.496839293077261652e-28 2.470837829832290922e+01
1.462733356201124012e-28 2.507595603589369659e+01
1.429404533431766843e-28 2.544900209645684086e+01
1.396835117988733946e-28 2.582759783030514456e+01
1.365007806546019408e-28 2.621182579794925616e+01
1.333905690039053276e-28 2.660176978812459581e+01
1.303512244681514308e-28 2.699751483606066316e+01
1.273811323186473333e-28 2.739914724202686358e+01
1.244787146187911309e-28 2.780675459014938866e+01
1.216424293857362924e-28 2.822042576751383081e+01
1.188707697711908057e-28 2.864025098354613519e+01
1.161622632608497155e-28 2.906632178968665414e+01
1.135154708921003683e-28 2.949873109935295545e+01
1.109289864895218159e-28 2.993757320820358814e+01
1.084014359178335467e-28 3.038294381469831151e+01
1.059314763518365637e-28 3.083494004097048347e+01
1.035177955630180535e-28 3.129366045400357521e+01
1.011591112223825533e-28 3.175920508712795254e+01
9.885417021919614059e-29 3.223167546183342580e+01
9.660174799522605742e-29 3.271117460990907233e+01
9.440064789417641871e-29 3.319780709591090329e+01
9.224970052592136361e-29 3.369167903996539337e+01
9.014776314524954919e-29 3.419289814090919322e+01
8.809371904473955077e-29 3.470157369977757611e+01
8.608647696149280371e-29 3.521781664363637532e+01
8.412497049736083639e-29 3.574173954977584344e+01
8.220815755240574940e-29 3.627345667025700493e+01
8.033501977124701281e-29 3.681308395682927426e+01
7.850456200204540863e-29 3.736073908621369810e+01
7.671581176779270535e-29 3.791654148576748184e+01
7.496781874966907958e-29 3.848061235952391712e+01
7.325965428215200587e-29 3.905307471462766955e+01
7.159041085964917858e-29 3.963405338815526591e+01
6.995920165435345775e-29 4.022367507434156408e+01
6.836516004510266025e-29 4.082206835220409147e+01
6.680743915695587630e-29 4.142936371358690195e+01
6.528521141127873964e-29 4.204569359161304476e+01
6.379766808606255979e-29 4.267119238956728822e+01
6.234401888627889254e-29 4.330599651020278884e+01
6.092349152400686676e-29 4.395024438548961854e+01
5.953533130814394660e-29 4.460407650679840685e+01
5.817880074344911727e-29 4.526763545554236856e+01
5.685317913873777168e-29 4.594106593426575813e+01
5.555776222398855264e-29 4.662451479820287403e+01
5.429186177618964524e-29 4.731813108729833317e+01
5.305480525369552463e-29 4.802206605871358391e+01
5.184593543892934429e-29 4.873647321980699587e+01
5.066461008921247419e-29 4.946150836161280040e+01
4.951020159556371661e-29 5.019732959281129325e+01
4.838209664925937243e-29 5.094409737421131723e+01
4.727969591600410134e-29 5.170197455373705964e+01
4.620241371751294134e-29 5.247112640194617939e+01
4.514967772036120195e-29 5.325172064806537975e+01
4.412092863191172179e-29 5.404392751657103844e+01
4.311561990318246043e-29 5.484791976430662430e+01
4.213321743847271524e-29 5.566387271815983695e+01
4.117319931161695871e-29 5.649196431329082202e+01
4.023505548869276505e-29 5.733237513194089274e+01
3.931828755705786378e-29 5.818528844280667300e+01
3.842240846055045160e-29 5.905089024101024364e+01
3.754694224073352302e-29 5.992936928865347568e+01
3.669142378402478918e-29 6.082091715598812698e+01
3.585539857459831512e-29 6.172572826318585726e+01
3.503842245290661395e-29 6.264399992273994400e+01
3.424006137971439532e-29 6.357593238248925616e+01
3.345989120549961218e-29 6.452172886929098183e+01
3.269749744511781252e-29 6.548159563333216227e+01
3.195247505759200381e-29 6.645574199311406005e+01
3.122442823092870579e-29 6.744438038109201727e+01
3.051297017182858209e-29 6.844772639000599668e+01
2.981772290019685517e-29 6.946599881988846903e+01
2.913831704832776928e-29 7.049941972578592697e+01
2.847439166467259409e-29 7.154821446617575020e+01
2.782559402207114514e-29 7.261261175211545549e+01
2.719157943036029924e-29 7.369284369711304805e+01
2.657201105324495717e-29 7.478914586774949669e+01
2.596655972934883301e-29 7.590175733504152333e+01
2.537490379733561197e-29 7.703092072658451173e+01
2.479672892502170128e-29 7.817688227945497204e+01
2.423172794237590837e-29 7.933989189391317609e+01
2.367960067833088352e-29 8.052020318789458031e+01
2.314005380130644511e-29 8.171807355231891279e+01
2.261280066337288702e-29 8.293376420721821773e+01
2.209756114795894051e-29 8.416754025870386613e+01
2.159406152103576349e-29 8.541967075677362686e+01
2.110203428568587826e-29 8.669042875398970693e+01
2.062121803999153033e-29 8.798009136501498517e+01
2.015135733815550368e-29 8.928893982705339738e+01
1.969220255479181607e-29 9.061725956117095393e+01
1.924350975230324502e-29 9.196534023454404405e+01
1.880504055128591079e-29 9.333347582362141281e+01
1.837656200388164753e-29 9.472196467823849275e+01
1.795784647002104022e-29 9.613110958666943873e+01
1.754867149648144883e-29 9.756121784166714406e+01
1.714881969870547830e-29 9.901260130746524624e+01
1.675807864530761826e-29 1.004855764877945603e+02
1.637624074521695778e-29 1.019804645948932915e+02
1.600310313738695274e-29 1.034975916195654406e+02
1.563846758302254188e-29 1.050372884022598470e+02
1.528214036025864669e-29 1.065998907052241691e+02
1.493393216124259322e-29 1.081857392857179150e+02
1.459365799155751792e-29 1.097951799703292863e+02
1.426113707194135534e-29 1.114285637303791248e+02
1.393619274224137896e-29 1.130862467584698550e+02
1.361865236756088290e-29 1.147685905461496958e+02
1.330834724654070540e-29 1.164759619627524927e+02
1.300511252173415202e-29 1.182087333353897662e+02
1.270878709202054199e-29 1.199672825301574477e+02
1.241921352701789725e-29 1.217519930345258956e+02
1.213623798344236865e-29 1.235632540409757922e+02
1.185971012337675474e-29 1.254014605318616873e+02
1.158948303439806994e-29 1.272670133655548881e+02
1.132541315152817264e-29 1.291603193638466109e+02
1.106736018095969969e-29 1.310817914006781564e+02
1.081518702552293625e-29 1.330318484921640447e+02
1.056875971184800742e-29 1.350109158879764379e+02
1.032794731918956751e-29 1.370194251640709808e+02
1.009262190987044303e-29 1.390578143168105498e+02
9.862658461312871267e-30 1.411265278584658915e+02
9.637934799615756320e-30 1.432260169141663653e+02
9.418331534647999830e-30 1.453567393202632729e+02
9.203731996618192082e-30 1.475191597241821171e+02
8.994022174092089669e-30 1.497137496857340864e+02
8.789090653419926923e-30 1.519409877799661501e+02
8.588828559546293252e-30 1.542013597015094888e+02
8.393129498166338809e-30 1.564953583705062101e+02
8.201889499202245734e-30 1.588234840400906194e+02
8.015006961565380930e-30 1.611862444054911236e+02
7.832382599179236306e-30 1.635841547147278447e+02
7.653919388230123674e-30 1.660177378809913762e+02
7.479522515621859681e-30 1.684875245966586874e+02
7.309099328602887737e-30 1.709940534490350785e+02
7.142559285543162536e-30 1.735378710377873972e+02
6.979813907830638414e-30 1.761195320941607463e+02
6.820776732865719897e-30 1.787395996019322126e+02
6.665363268124893167e-30 1.813986449201935898e+02
6.513490946272835666e-30 1.840972479079364348e+02
6.365079081295552397e-30 1.868359970505152887e+02
6.220048825634743483e-30 1.896154895879609228e+02
6.078323128297211307e-30 1.924363316452419781e+02
5.939826693920386913e-30 1.952991383644244365e+02
5.804485942768960382e-30 1.982045340388298200e+02
5.672228971644572756e-30 2.011531522491641795e+02
5.542985515684652167e-30 2.041456360016894962e+02
5.416686911033179903e-30 2.071826378684409917e+02
5.293266058360545258e-30 2.102648201295405954e+02
5.172657387216045613e-30 2.133928549176087301e+02
5.054796821191224766e-30 2.165674243643519787e+02
4.939621743878345835e-30 2.197892207492948273e+02
4.827070965603168448e-30 2.230589466507699399e+02
4.717084690917041226e-30 2.263773150991085004e+02
4.609604486828419523e-30 2.297450497321470095e+02
4.504573251759481565e-30 2.331628849530168566e+02
4.401935185208860972e-30 2.366315660903124183e+02
4.301635758106816915e-30 2.401518495606025283e+02
4.203621683844700683e-30 2.437245030334092917e+02
4.107840889965667665e-30 2.473503055985908361e+02
4.014242490499309806e-30 2.510300479362575174e+02
3.922776758927739773e-30 2.547645324891716143e+02
3.833395101766589404e-30 2.585545736377647472e+02
3.746050032748981292e-30 2.624009978777076526e+02
3.660695147596891044e-30 2.663046440001526207e+02
3.577285099367862377e-30 2.702663632746553048e+02
3.495775574363264545e-30 2.742870196347988099e+02
3.416123268585518248e-30 2.783674898665979072e+02
3.338285864731750505e-30 2.825086637997073922e+02
3.262222009711659872e-30 2.867114445014538546e+02
3.187891292677636113e-30 2.909767484737768655e+02
3.115254223555478343e-30 2.953055058530864017e+02
3.044272212064293498e-30 2.996986606131072790e+02
2.974907547214431314e-30 3.041571707707180394e+02
2.907123377272569467e-30 3.086820085948725136e+02
2.840883690183295520e-30 3.132741608186310600e+02
2.776153294436792581e-30 3.179346288543222272e+02
2.712897800372458750e-30 3.226644290119289735e+02
2.651083601908530769e-30 3.274645927207234308e+02
2.590677858688000854e-30 3.323361667541756219e+02
2.531648478631347642e-30 3.372802134582311169e+02
2.473964100886806407e-30 3.422978109829858795e+02
2.417594079169123345e-30 3.473900535177822348e+02
2.362508465477940184e-30 3.525580515298302089e+02
2.308677994187162755e-30 3.578029320063616865e+02
2.256074066496854577e-30 3.631258387004048132e+02
2.204668735239402876e-30 3.685279323801850637e+02
2.154434690031877832e-30 3.740103910822629700e+02
2.105345242766699617e-30 3.795744103684382367e+02
2.057374313432907464e-30 3.852212035864483255e+02
2.010496416260492849e-30 3.909520021345721261e+02
1.964686646180440661e-30 3.967680557301717386e+02
1.919920665593278840e-30 4.026706326821992548e+02
1.876174691439115628e-30 4.086610201677868304e+02
1.833425482562285106e-30 4.147405245129522768e+02
1.791650327363895816e-30 4.209104714774497324e+02
1.750827031735719813e-30 4.271722065438922300e+02
1.710933907269009830e-30 4.335270952111543465e+02
1.671949759731984942e-30 4.399765232921615166e+02
1.633853877809856855e-30 4.465218972160734552e+02
1.596626022101422031e-30 4.531646443349949891e+02
1.560246414366364852e-30 4.599062132352507888e+02
1.524695727017569937e-30 4.667480740532566301e+02
1.489955072852850684e-30 4.736917187961238369e+02
1.456005995020645604e-30 4.807386616670331136e+02
1.422830457214348944e-30 4.878904393954148873e+02
1.390410834090066781e-30 4.951486115720751400e+02
1.358729901902706458e-30 5.025147609893088543e+02
1.327770829355426320e-30 5.099904939860354034e+02
1.297517168657584127e-30 5.175774407981100467e+02
1.267952846786431278e-30 5.252772559138214774e+02
1.239062156947913164e-30 5.330916184347037188e+02
1.210829750232037001e-30 5.410222324416730544e+02
1.183240627458375555e-30 5.490708273666501782e+02
1.156280131207373055e-30 5.572391583697112765e+02
1.129933938033219445e-30 5.655290067218102195e+02
1.104188050854157931e-30 5.739421801932335256e+02
1.079028791516181315e-30 5.824805134478363016e+02
1.054442793526166333e-30 5.911458684430995163e+02
1.030416994950585417e-30 5.999401348361820965e+02
1.006938631476024992e-30 6.088652303960135441e+02
9.839952296278206872e-31 6.179231014214735751e+02
9.615746001432075951e-31 6.271157231658413593e+02
9.396648314954671003e-31 6.364451002675302789e+02
9.182542835656262285e-31 6.459132671872600895e+02
8.973315814583500854e-31 6.555222886516822882e+02
8.768856094587408094e-31 6.652742601036505903e+02
8.569055051268330175e-31 6.751713081591911987e+02
8.373806535266471837e-31 6.852155910712231162e+02
8.183006815867373623e-31 6.954092992002242681e+02
7.996554525892329009e-31 7.057546554919018718e+02
7.814350607844526102e-31 7.162539159619171869e+02
7.636298261282225838e-31 7.269093701878778120e+02
7.462302891391092569e-31 7.377233418086156007e+02
7.292272058728297446e-31 7.486981890309270966e+02
7.126115430111730493e-31 7.598363051437929698e+02
6.963744730628208189e-31 7.711401190403004193e+02
6.805073696735192186e-31 7.826120957473326598e+02
6.650018030431104955e-31 7.942547369630802905e+02
6.498495354469875536e-31 8.060705816026057846e+02
6.350425168595949359e-31 8.180622063515261289e+02
6.205728806776487455e-31 8.302322262278719336e+02
6.064329395408049636e-31 8.425832951523648262e+02
5.926151812475540560e-31 8.551181065271796342e+02
5.791122647641746717e-31 8.678393938232549090e+02
5.659170163246231163e-31 8.807499311764088361e+02
5.530224256192888832e-31 8.938525339922822468e+02
5.404216420705904017e-31 9.071500595603240527e+02
5.281079711934320189e-31 9.206454076768382038e+02
5.160748710385897372e-31 9.343415212773641088e+02
5.043159487171348306e-31 9.482413870784673691e+02
4.928249570040503537e-31 9.623480362290086987e+02
4.815957910192340971e-31 9.766645449711693345e+02
4.706224849841271675e-31 9.911940353113133142e+02
4.598992090522428458e-31 1.005939675700756538e+03
4.494202662119132874e-31 1.020904681726735475e+03
4.391800892596077160e-31 1.036092316813656907e+03
4.291732378422149076e-31 1.051505892934704661e+03
4.193943955667177967e-31 1.067148771334114599e+03
4.098383671757252560e-31 1.083024363260147538e+03
4.005000757873602602e-31 1.099136130709014424e+03
3.913745601980375804e-31 1.115487587179783759e+03
3.824569722466991447e-31 1.132082298440597242e+03
3.737425742391056354e-31 1.148923883306285234e+03
3.652267364308167868e-31 1.166016014427470054e+03
3.569049345675222310e-31 1.183362419091486572e+03
3.487727474814170571e-31 1.200966880035225131e+03
3.408258547423444932e-31 1.218833236269975032e+03
3.330600343624581617e-31 1.236965383918627367e+03
3.254711605531841653e-31 1.255367277065335884e+03
3.180552015332913306e-31 1.274042928617724328e+03
3.108082173869057431e-31 1.292996411182023166e+03
3.037263579703305374e-31 1.312231857951163647e+03
2.968058608665596250e-31 1.331753463606146624e+03
2.900430493863985652e-31 1.351565485230715694e+03
2.834343306151303509e-31 1.371672243239731415e+03
2.769761935036885363e-31 1.392078122321359842e+03
2.706652070033235585e-31 1.412787572393176561e+03
2.644980182427714502e-31 1.433805109572594120e+03
2.584713507469558556e-31 1.455135317161730200e+03
2.525820026962779558e-31 1.476782846646818371e+03
2.468268452255687461e-31 1.498752418712595272e+03
2.412028207618002215e-31 1.521048824271778358e+03
2.357069413996723024e-31 1.543676925509749026e+03
2.303362873142126507e-31 1.566641656944900205e+03
2.250880052095457066e-31 1.589948026504683185e+03
2.199593068030070277e-31 1.613601116617739990e+03
2.149474673437976203e-31 1.637606085322153376e+03
2.100498241653910841e-31 1.661968167390299186e+03
2.052637752709247836e-31 1.686692675470437280e+03
2.005867779508229848e-31 1.711785001245161538e+03
1.960163474319181612e-31 1.737250616607205075e+03
1.915500555573523888e-31 1.763095074852741618e+03
1.871855294965575478e-31 1.789324011892310864e+03
1.829204504846290070e-31 1.815943147479898471e+03
1.787525525904231900e-31 1.842958286460216414e+03
1.746796215127242225e-31 1.870375320034627975e+03
1.706994934038404498e-31 1.898200227045754445e+03
1.668100537200055825e-31 1.926439075281326495e+03
1.630092360979737884e-31 1.955098022797438261e+03
1.592950212572119757e-31 1.984183319261341921e+03
1.556654359271058887e-31 2.013701307314360974e+03
1.521185517986101683e-31 2.043658423955083435e+03
1.486524844997854074e-31 2.074061201942980915e+03
1.452653925946778161e-31 2.104916271223058629e+03
1.419554766050098585e-31 2.136230360371702773e+03
1.387209780541618042e-31 2.168010298063880782e+03
1.355601785329366178e-31 2.200263014562339777e+03
1.324713987866114690e-31 2.232995543228858878e+03
1.294529978227913441e-31 2.266215022058087925e+03
1.265033720395901117e-31 2.299928695234023962e+03
1.236209543736766580e-31 2.334143914709806722e+03
1.208042134677326408e-31 2.368868141811019996e+03
1.180516528568803208e-31 2.404108948862671241e+03
1.153618101736476237e-31 2.439874020840548383e+03
1.127332563710484879e-31 2.476171157047143879e+03
1.101645949633654649e-31 2.513008272812333871e+03
1.076544612842313721e-31 2.550393401219535463e+03
1.052015217616156837e-31 2.588334694857547220e+03
1.028044732093307644e-31 2.626840427598262522e+03
1.004620421346811048e-31 2.665918996401039294e+03
9.817298406188821059e-32 2.705578923143784777e+03
9.593608287093127506e-32 2.745828856481413368e+03
9.375015015145270736e-32 2.786677573731728899e+03
9.161402457138502399e-32 2.828133982789563106e+03
8.952657125996382056e-32 2.870207124069394013e+03
8.748668120479896382e-32 2.912906172476654319e+03
8.549327066268367598e-32 2.956240439408572911e+03
8.354528058382853994e-32 3.000219374784790489e+03
8.164167604921454847e-32 3.044852569107960335e+03
7.978144572076612925e-32 3.090149755555225056e+03
7.796360130405220532e-32 3.136120812100810326e+03
7.618717702322983084e-32 3.182775763669967546e+03
7.445122910795128109e-32 3.230124784325214478e+03
7.275483529196217567e-32 3.278178199484942979e+03
7.109709432312423473e-32 3.326946488175194190e+03
6.947712548460225668e-32 3.376440285314665743e+03
6.789406812696098179e-32 3.426670384033948267e+03
6.634708121092337388e-32 3.477647738029274024e+03
6.483534286054714001e-32 3.529383463951024623e+03
6.335804992658241709e-32 3.581888843828027802e+03
6.191441755977834909e-32 3.635175327527919762e+03
6.050367879391212487e-32 3.689254535253849554e+03
5.912508413831868812e-32 3.744138260078585517e+03
5.777790117970494746e-32 3.799838470516327106e+03
5.646141419303660573e-32 3.856367313132503114e+03
5.517492376129116899e-32 3.913737115192697274e+03
5.391774640387494302e-32 3.971960387350797646e+03
5.268921421350666421e-32 4.031049826377327918e+03
5.148867450137486733e-32 4.091018317928044780e+03
5.031548945038046078e-32 4.151878939354011891e+03
4.916903577628021129e-32 4.213644962553484220e+03
4.804870439655124074e-32 4.276329856865915644e+03
4.695390010680053000e-32 4.339947292009322155e+03
4.588404126454751884e-32 4.404511141061347189e+03
4.483855948021181575e-32 4.470035483484361066e+03
4.381689931514185786e-32 4.536534608195910550e+03
4.281851798652406672e-32 4.604023016684641334e+03
4.184288507901576249e-32 4.672515426172788466e+03
4.088948226294855871e-32 4.742026772825343869e+03
3.995780301895265436e-32 4.812572215007300656e+03
3.904735236885556027e-32 4.884167136589365327e+03
3.815764661271244774e-32 4.956827150302486189e+03
3.728821307182830167e-32 5.030568101142643172e+03
3.643858983763540477e-32 5.105406069826298335e+03
3.560832552629274487e-32 5.181357376296877192e+03
3.479697903887688228e-32 5.258438583283785192e+03
3.400411932703702725e-32 5.336666499914379528e+03
3.322932516398968312e-32 5.416058185379284623e+03
3.247218492073125420e-32 5.496630952652667474e+03
3.173229634734973242e-32 5.578402372267593819e+03
3.100926635931923713e-32 5.661390276147825716e+03
3.030271082866393023e-32 5.745612761496163330e+03
2.961225437988031389e-32 5.831088194741038933e+03
2.893753019050947448e-32 5.917835215541838807e+03
2.827817979625338167e-32 6.005872740853374125e+03
2.763385290053167243e-32 6.095219969051250700e+03
2.700420718837769802e-32 6.185896384118614151e+03
2.638890814457507535e-32 6.277921759894731622e+03
2.578762887593798183e-32 6.371316164387229946e+03
2.520004993764089635e-32 6.466099964148487743e+03
2.462585916350544282e-32 6.562293828716668941e+03
2.406475150015421810e-32 6.659918735123340412e+03
2.351642884494346213e-32 6.758995972467838328e+03
2.298059988758848885e-32 6.859547146560005785e+03
2.245697995539771797e-32 6.961594184631453572e+03
2.194529086203311534e-32 7.065159340117397733e+03
2.144526075971665342e-32 7.170265197509655991e+03
2.095662399480430822e-32 7.276934677281302356e+03
2.047912096665083319e-32 7.385191040885122675e+03
2.001249798969034888e-32 7.495057895826422282e+03
1.955650715865947040e-32 7.606559200810770562e+03
1.911090621689135841e-32 7.719719270968856108e+03
1.867545842761074123e-32 7.834562783159089122e+03
1.824993244816150425e-32 7.951114781348520410e+03
1.783410220710006330e-32 8.069400682074434371e+03
1.742774678408917289e-32 8.189446279986813352e+03
1.703065029252842645e-32 8.311277753473657867e+03
1.664260176485901980e-32 8.434921670369314597e+03
1.626339504048190616e-32 8.560404993748326888e+03
1.589282865622976283e-32 8.687755087805502626e+03
1.553070573933458560e-32 8.816999723822807937e+03
1.517683390283403793e-32 8.948167086225676030e+03
1.483102514336102827e-32 9.081285778729403319e+03
1.449309574126214976e-32 9.216384830576351305e+03
1.416286616299197362e-32 9.353493702866566309e+03
1.384016096573130171e-32 9.492642294982613748e+03
1.352480870417874006e-32 9.633860951109279995e+03
1.321664183946603862e-32 9.777180466851059464e+03
1.291549665014882804e-32 9.922632095947588823e+03
1.262121314522546220e-32 1.007024755708949851e+04
1.233363497913774570e-32 1.022005904083483074e+04
1.205260936870841315e-32 1.037209921662908164e+04
1.177798701197118107e-32 1.052640123992969711e+04
1.150962200885031133e-32 1.068299875943579718e+04
1.124737178364750737e-32 1.084192592442619571e+04
1.099109700929496114e-32 1.100321739220662676e+04
1.074066153333432343e-32 1.116690833566694164e+04
1.049593230558226557e-32 1.133303445095162897e+04
1.025677930744420767e-32 1.150163196524389605e+04
1.002307548283864363e-32 1.167273764466613466e+04
9.794696670695465180e-33 1.184638880229684764e+04
9.571521538991855122e-33 1.202262330630829638e+04
9.353431520292300716e-33 1.220147958822385408e+04
9.140310748756222228e-33 1.238299665129866480e+04
8.932045998581031978e-33 1.256721407902589999e+04
8.728526623848370735e-33 1.275417204376815243e+04
8.529644499740946745e-33 1.294391131551773105e+04
8.335293965098186820e-33 1.313647327078758462e+04
8.145371766280804181e-33 1.333189990163451148e+04
7.959777002314977607e-33 1.353023382481628323e+04
7.778411071286419009e-33 1.373151829108444326e+04
7.601177617955322307e-33 1.393579719461687455e+04
7.427982482564970894e-33 1.414311508258961294e+04
7.258733650817246298e-33 1.435351716489128012e+04
7.093341204987931666e-33 1.456704932398131314e+04
6.931717276155400245e-33 1.478375812489649070e+04
6.773775997517800765e-33 1.500369082540516865e+04
6.619433458774388052e-33 1.522689538631268806e+04
6.468607661546268147e-33 1.545342048192007132e+04
6.321218475812448481e-33 1.568331551063819097e+04
6.177187597338538320e-33 1.591663060576110001e+04
6.036438506075864137e-33 1.615341664639787996e+04
5.898896425508445023e-33 1.639372526856772311e+04
5.764488282925873319e-33 1.663760887646060655e+04
5.633142670601397795e-33 1.688512065386482209e+04
5.504789807854967862e-33 1.713631457576534012e+04
5.379361503980653824e-33 1.739124542011333688e+04
5.256791122018419250e-33 1.764996877977202894e+04
5.137013543351380610e-33 1.791254107464013578e+04
5.019965133110079362e-33 1.817901956395526213e+04
4.905583706365005622e-33 1.844946235877953222e+04
4.793808495089106616e-33 1.872392843467307102e+04
4.684580115873083876e-33 1.900247764455455399e+04
4.577840538376616411e-33 1.928517073175319820e+04
4.473533054498426715e-33 1.957206934325492330e+04
4.371602248248502002e-33 1.986323604314539989e+04
4.271993966306811417e-33 2.015873432625471469e+04
4.174655289253134365e-33 2.045862863200274660e+04
4.079534503452415310e-33 2.076298435845150016e+04
3.986581073580438753e-33 2.107186787656612432e+04
3.895745615775532934e-33 2.138534654468980807e+04
3.806979871402283794e-33 2.170348872323165051e+04
3.720236681413035479e-33 2.202636378957382476e+04
3.635469961293317649e-33 2.235404215320110234e+04
3.552634676578168498e-33 2.268659527105541565e+04
3.471686818926559780e-33 2.302409566311835079e+04
3.392583382740963881e-33 2.336661692822448094e+04
3.315282342319423210e-33 2.371423376011256551e+04
3.239742629528221808e-33 2.406702196371367972e+04
3.165924111983520462e-33 2.442505847168205946e+04
3.093787571730111353e-33 2.478842136117062182e+04
3.023294684405776322e-33 2.515718987085884874e+04
2.954407998880404108e-33 2.553144441823201851e+04
2.887090917359234672e-33 2.591126661711768975e+04
2.821307675939447516e-33 2.629673929548304295e+04
2.757023325609582561e-33 2.668794651349675041e+04
2.694203713681904435e-33 2.708497358186172278e+04
2.632815465648020126e-33 2.748790708041759717e+04
2.572825967447911165e-33 2.789683487702097773e+04
2.514203348142796692e-33 2.831184614670747033e+04
2.456916462982810311e-33 2.873303139113767975e+04
2.400934876860651880e-33 2.916048245833384863e+04
2.346228848142243324e-33 2.959429256270781843e+04
2.292769312865648842e-33 3.003455630538900004e+04
2.240527869300036432e-33 3.048136969485456939e+04
2.189476762856620563e-33 3.093483016786586813e+04
2.139588871343403975e-33 3.139503661071495299e+04
2.090837690555750097e-33 3.186208938079074505e+04
2.043197320195287297e-33 3.233609032846352784e+04
1.996642450109793265e-33 3.281714281929527351e+04
1.951148346846600431e-33 3.330535175658030494e+04
1.906690840512251809e-33 3.380082360422103375e+04
1.863246311931574907e-33 3.430366640994678892e+04
1.820791680099462468e-33 3.481398982887416787e+04
1.779304389918562907e-33 3.533190514741960942e+04
1.738762400216250629e-33 3.585752530756700435e+04
1.699144172034639832e-33 3.639096493149934395e+04
1.660428657187529590e-33 3.693234034659271128e+04
1.622595287078073922e-33 3.748176961078348540e+04
1.585623961771137177e-33 3.803937253831389535e+04
1.549495039314644346e-33 3.860527072586054419e+04
1.514189325304352077e-33 3.917958757905081438e+04
1.479688062686384218e-33 3.976244833937200019e+04
1.445972921792019581e-33 4.035398011148533260e+04
1.413025990599545135e-33 4.095431189094311412e+04
1.380829765218092363e-33 4.156357459231884422e+04
1.349367140588295472e-33 4.218190107775379147e+04
1.318621401394748544e-33 4.280942618593296356e+04
1.288576213185528489e-33 4.344628676148875093e+04
1.259215613694150880e-33 4.409262168484240829e+04
1.230524004359251543e-33 4.474857190248935512e+04
1.202486142037412290e-33 4.541428045773469057e+04
1.175087130904817104e-33 4.608989252188958926e+04
1.148312414543511094e-33 4.677555542592675192e+04
1.122147768207971072e-33 4.747141869260849489e+04
1.096579291267809892e-33 4.817763406909393962e+04
1.071593399822679854e-33 4.889435556003180682e+04
1.047176819485520278e-33 4.962173946114190039e+04
1.023316578330236457e-33 5.035994439330014575e+04
1.000000000000000056e-33 5.110913133712826675e+04
