9.999999999999999604e-24 3.138793596843777456e-01
9.772146969725724738e-24 3.184948622550282660e-01
9.549485639791965794e-24 3.231782344173636523e-01
9.331897715733238896e-24 3.279304741735283302e-01
9.119267598459297506e-24 3.327525942009953441e-01
8.911482322840201665e-24 3.376456220683584641e-01
8.708431497690723643e-24 3.426106004542976979e-01
8.510007247122245829e-24 3.476485873697769957e-01
8.316104153230962074e-24 3.527606563834966291e-01
8.126619200091945995e-24 3.579478968506608072e-01
7.941451719029340346e-24 3.632114141451220912e-01
7.760503335133571050e-24 3.685523298949267001e-01
7.583677914997190344e-24 3.739717822213229348e-01
7.410881515641569167e-24 3.794709259812978352e-01
7.242022334607315734e-24 3.850509330136667741e-01
7.077010661181889384e-24 3.907129923887815437e-01
6.915758828738525318e-24 3.964583106619241626e-01
6.758181168161110409e-24 4.022881121304132113e-01
6.604193962330304856e-24 4.082036390944898674e-01
6.453715401646701858e-24 4.142061521220556930e-01
6.306665540567405945e-24 4.202969303172881532e-01
6.162966255132942524e-24 4.264772715932057534e-01
6.022541201461927680e-24 4.327484929482586784e-01
5.885315775191450364e-24 4.391119307469601996e-01
5.751217071841613552e-24 4.455689410046715371e-01
5.620173848083187866e-24 4.521208996765561650e-01
5.492116483887788896e-24 4.587692029507832725e-01
5.366976945540475783e-24 4.655152675460590417e-01
5.244688749495119009e-24 4.723605310135167712e-01
5.125186927053332750e-24 4.793064520430454500e-01
5.008407989848212386e-24 4.863545107741406026e-01
4.894289896114532080e-24 4.935062091113086580e-01
4.782772017727484994e-24 5.007630710441087762e-01
4.673795107992463720e-24 5.081266429719188960e-01
4.567301270168746670e-24 5.155984940334600308e-01
4.463233926710397639e-24 5.231802164411644140e-01
4.361537789208005389e-24 5.308734258204808043e-01
4.262158829015325017e-24 5.386797615541493167e-01
4.165044248545184823e-24 5.466008871315387596e-01
4.070142453219438979e-24 5.546384905031408463e-01
3.977403024058036467e-24 5.627942844402568090e-01
3.886776690892667640e-24 5.710700068999731149e-01
3.798215306190736261e-24 5.794674213955276487e-01
3.711671819475767098e-24 5.879883173720857892e-01
3.627100252330648591e-24 5.966345105880789257e-01
3.544455673970435593e-24 6.054078435021256199e-01
3.463694177371733998e-24 6.143101856656427717e-01
3.384772855945982922e-24 6.233434341212521490e-01
3.307649780744242543e-24 6.325095138070223610e-01
3.232283978181380723e-24 6.418103779666560760e-01
3.158635408267818998e-24 6.512480085657308404e-01
3.086664943337274359e-24 6.608244167140382430e-01
3.016334347259197398e-24 6.705416430941328887e-01
2.947606255124858643e-24 6.804017583962069793e-01
2.880444153396297907e-24 6.904068637593360203e-01
2.814812360507581092e-24 7.005590912192117825e-01
2.750676007908067484e-24 7.108606041624847549e-01
2.688001021537607666e-24 7.213135977877623839e-01
2.626754103723838313e-24 7.319202995733856687e-01
2.566902715491951711e-24 7.426829697521102336e-01
2.508415059277541183e-24 7.536039017927422812e-01
2.451260062033339982e-24 7.646854228888544380e-01
2.395407358720879479e-24 7.759298944547212695e-01
2.340827276178294161e-24 7.873397126284983338e-01
2.287490817355704076e-24 7.989173087828495001e-01
2.235369645909796390e-24 8.106651500430499535e-01
2.184436071149428299e-24 8.225857398127082165e-01
2.134663033324245433e-24 8.346816183072472972e-01
2.086024089248504962e-24 8.469553630952026957e-01
2.038493398252464167e-24 8.594095896474772678e-01
1.992045708453871177e-24 8.720469518947057130e-01
1.946656343342263211e-24 8.848701427927830876e-01
1.902301188668945870e-24 8.978818948967085545e-01
1.858956679635688327e-24 9.110849809428999135e-01
1.816599788375328659e-24 9.244822144400391961e-01
1.775208011717636027e-24 9.380764502686049777e-01
1.734759359233932522e-24 9.518705852892548336e-01
1.695232341554121503e-24 9.658675589601204425e-01
1.656605958949915079e-24 9.800703539631784311e-01
1.618859690178199226e-24 9.944819968398684873e-01
1.581973481578601579e-24 1.009105558636021138e+00
1.545927736419478458e-24 1.023944155556269830e+00
1.510703304486655635e-24 1.039000949628126280e+00
1.476281471909391007e-24 1.054279149375758839e+00
1.442643951218158727e-24 1.069782010503741443e+00
1.409772871628967618e-24 1.085512836590815322e+00
1.377650769549054937e-24 1.101474979793850562e+00
1.346260579298910947e-24 1.117671841562199342e+00
1.315585624045705132e-24 1.134106873362514811e+00
1.285609606943296546e-24 1.150783577414226322e+00
1.256316602474121539e-24 1.167705507435871093e+00
1.227691047988360474e-24 1.184876269402360460e+00
1.199717735435885523e-24 1.202299522313378555e+00
1.172381803286599793e-24 1.219978978973126127e+00
1.145668728634872645e-24 1.237918406781484348e+00
1.119564319483879473e-24 1.256121628536813528e+00
1.094054707205743624e-24 1.274592523250601683e+00
1.069126339173477203e-24 1.293335026974045787e+00
1.044765971560805237e-24 1.312353133636788849e+00
1.020960662306047528e-24 1.331650895898036646e+00
9.976977642363212160e-25 1.351232426010142484e+00
9.749649183484095637e-25 1.371101896694890243e+00
9.527500472427300580e-25 1.391263542032717737e+00
9.310413487069084147e-25 1.411721658364933241e+00
9.098272894455567132e-25 1.432480605209282221e+00
8.890965989529167059e-25 1.453544806188921568e+00
8.688382635251193478e-25 1.474918749975052457e+00
8.490415204088755051e-25 1.496606991243467633e+00
8.296958520834916019e-25 1.518614151645112376e+00
8.107909806731694372e-25 1.540944920790915162e+00
7.923168624866261835e-25 1.563604057251155810e+00
7.742636826811277888e-25 1.586596389569474352e+00
7.566218500481062388e-25 1.609926817291788881e+00
7.393819919175873397e-25 1.633600312010400790e+00
7.225349491787221692e-25 1.657621918423397345e+00
7.060717714137779777e-25 1.681996755409630007e+00
6.899837121430025420e-25 1.706730017119559850e+00
6.742622241778349368e-25 1.731826974082085524e+00
6.588989550799956527e-25 1.757292974327642643e+00
6.438857427240426255e-25 1.783133444527884803e+00
6.292146109610350239e-25 1.809353891152057248e+00
6.148777653810029397e-25 1.835959901640374259e+00
6.008675891719693372e-25 1.862957145594725583e+00
5.871766390733261784e-25 1.890351375986779381e+00
5.737976414214139384e-25 1.918148430383962433e+00
5.607234882852038637e-25 1.946354232193394207e+00
5.479472336900292581e-25 1.974974791924108297e+00
5.354620899273613018e-25 2.004016208467909621e+00
5.232614239486666956e-25 2.033484670398991501e+00
5.113387538414330952e-25 2.063386457292665010e+00
4.996877453854888907e-25 2.093727941063550979e+00
4.883022086877885202e-25 2.124515587323380306e+00
4.771760948938750961e-25 2.155755956758752756e+00
4.663034929742736329e-25 2.187455706529238597e+00
4.556786265841068284e-25 2.219621591685958961e+00
4.452958509942660332e-25 2.252260466611023748e+00
4.351496500925053992e-25 2.285379286478219640e+00
4.252346334528686172e-25 2.318985108735093448e+00
4.155455334718879575e-25 2.353085094606830019e+00
4.060772025700369767e-25 2.387686510622327507e+00
3.968246104569486047e-25 2.422796730162629419e+00
3.877828414589461406e-25 2.458423235032123788e+00
3.789470919074671521e-25 2.494573617052944670e+00
3.703126675869931034e-25 2.531255579682670565e+00
3.618749812411283922e-25 2.568476939655963243e+00
3.536295501355046667e-25 2.606245628650239787e+00
3.455719936762143013e-25 2.644569694975842378e+00
3.376980310825094677e-25 2.683457305291153006e+00
3.300034791125288575e-25 2.722916746342836092e+00
3.224842498408445586e-25 2.762956426731664195e+00
3.151363484866482633e-25 2.803584878704417527e+00
3.079558712914229883e-25 2.844810759972024705e+00
3.009390034449724275e-25 2.886642855554442555e+00
2.940820170587066939e-25 2.929090079652767020e+00
2.873812691851069426e-25 2.972161477548768804e+00
2.808331998823175447e-25 3.015866227532357335e+00
2.744343303228368386e-25 3.060213642857502414e+00
2.681812609453018269e-25 3.105213173726799614e+00
2.620706696483855085e-25 3.150874409305225221e+00
2.560993100258462021e-25 3.197207079763610071e+00
2.502640096417921841e-25 3.244221058352051656e+00
2.445616683452448938e-25 3.291926363503811626e+00
2.389892566231052635e-25 3.340333160970285764e+00
2.335438139906481649e-25 3.389451765987163245e+00
2.282224474186900746e-25 3.439292645472646015e+00
2.230223297965940737e-25 3.489866420257853541e+00
2.179406984302958082e-25 3.541183867350022219e+00
2.129748535745523138e-25 3.593255922229117161e+00
2.081221569986341612e-25 3.646093681178081081e+00
2.033800305846984101e-25 3.699708403647350430e+00
1.987459549580985734e-25 3.754111514654274728e+00
1.942174681489028324e-25 3.809314607217683779e+00
1.897921642839103370e-25 3.865329444828252470e+00
1.854676923084701230e-25 3.922167963955331516e+00
1.812417547374239569e-25 3.979842276590501715e+00
1.771121064345090480e-25 4.038364672828527624e+00
1.730765534195727720e-25 4.097747623486406532e+00
1.691329517029650549e-25 4.158003782760792078e+00
1.652792061464897186e-25 4.219145990924478618e+00
1.615132693503092969e-25 4.281187277062704410e+00
1.578331405652119677e-25 4.344140861849528967e+00
1.542368646296630489e-25 4.408020160365034634e+00
1.507225309310758569e-25 4.472838784954137559e+00
1.472882723907504778e-25 4.538610548127160804e+00
1.439322644719409410e-25 4.605349465503335793e+00
1.406527242105239347e-25 4.673069758797404383e+00
1.374479092677539357e-25 4.741785858850133373e+00
1.343161170046018158e-25 4.811512408703568333e+00
1.312556835771845486e-25 4.882264266721327850e+00
1.282649830528062460e-25 4.954056509754786397e+00
1.253424265461402112e-25 5.026904436355992267e+00
1.224864613750933125e-25 5.100823570037647414e+00
1.196955702359045220e-25 5.175829662581027613e+00
1.169682703970387130e-25 5.251938697392725786e+00
1.143031129114481077e-25 5.329166892910572884e+00
1.116986818467824906e-25 5.407530706059636039e+00
1.091535935331393358e-25 5.487046835759233687e+00
1.066664958279540887e-25 5.567732226481323821e+00
1.042360673976403229e-25 5.649604071861213050e+00
1.018610170155977387e-25 5.732679818361567925e+00
9.954008287621539061e-26 5.816977168990094427e+00
9.727203192450556821e-26 5.902514087071889293e+00
9.505565920101210223e-26 5.989308800077495221e+00
9.288978720164516366e-26 6.077379803506883782e+00
9.077326525210242137e-26 6.166745864830926571e+00
8.870496889654420501e-26 6.257426027490567755e+00
8.668379930019792023e-26 6.349439614954807354e+00
8.470868266557419480e-26 6.442806234838582391e+00
8.277856966198489128e-26 6.537545783080973116e+00
8.089243486805955022e-26 6.633678448184842757e+00
7.904927622696437001e-26 6.731224715519061874e+00
7.724811451403415451e-26 6.830205371683754301e+00
7.548799281653446692e-26 6.930641508939727302e+00
7.376797602527746189e-26 7.032554529703291202e+00
7.208715033782150269e-26 7.135966151106920563e+00
7.044462277299051345e-26 7.240898409626970178e+00
6.883952069645510064e-26 7.347373665779710628e+00
6.727099135712350446e-26 7.455414608886150596e+00
6.573820143409598563e-26 7.565044261906918699e+00
6.424033659394203849e-26 7.676285986348520218e+00
6.277660105806512496e-26 7.789163487241464345e+00
6.134621717992519137e-26 7.903700818191579103e+00
5.994842503189421224e-26 8.019922386505941247e+00
5.858248200152548083e-26 8.137852958393677838e+00
5.724766239702190070e-26 8.257517664243755107e+00
5.594325706169389314e-26 8.378942003980027309e+00
5.466857299720192095e-26 8.502151852495039464e+00
5.342293299538363361e-26 8.627173465164068134e+00
5.220567527846986365e-26 8.754033483439727092e+00
5.101615314749843906e-26 8.882758940529372538e+00
4.985373463873903568e-26 9.013377267155588513e+00
4.871780218794640868e-26 9.145916297401576855e+00
4.760775230226377913e-26 9.280404274642522822e+00
4.652299523960198588e-26 9.416869857563806789e+00
4.546295469532408798e-26 9.555342126268483227e+00
4.442706749606891992e-26 9.695850588473785336e+00
4.341478330055101073e-26 9.838425185799151151e+00
4.242556430717785944e-26 9.983096300146618418e+00
4.145888496832919853e-26 1.012989476017513724e+01
4.051423171114655606e-26 1.027885184786966200e+01
3.959110266468467009e-26 1.042999930520767649e+01
3.868900739327983336e-26 1.058336934092291415e+01
3.780746663599356924e-26 1.073899463736895044e+01
3.694601205199309946e-26 1.089690835748364428e+01
3.610418597173344465e-26 1.105714415185607713e+01
3.528154115380890322e-26 1.121973616589695766e+01
3.447764054734471309e-26 1.138471904711536453e+01
3.369205705980273740e-26 1.155212795250160163e+01
3.292437333007775293e-26 1.172199855601904694e+01
3.217418150676377854e-26 1.189436705620609480e+01
3.144108303147271042e-26 1.206927018388997297e+01
3.072468842709009680e-26 1.224674521001349525e+01
3.002461709085555354e-26 1.242682995357789366e+01
2.934049709215792804e-26 1.260956278970146016e+01
2.867196497493775813e-26 1.279498265779717769e+01
2.801866556459201205e-26 1.298312906987061766e+01
2.738025177927863273e-26 1.317404211893931532e+01
2.675638444552050988e-26 1.336776248757701246e+01
2.614673211801097208e-26 1.356433145658248840e+01
2.555097090352512334e-26 1.376379091377637742e+01
2.496878428884331748e-26 1.396618336292725537e+01
2.439986297259555192e-26 1.417155193280908065e+01
2.384390470093725271e-26 1.437994038639124383e+01
2.330061410696929317e-26 1.459139313016492956e+01
2.276970255381684779e-26 1.480595522360544258e+01
2.225088798128374059e-26 1.502367238877426203e+01
2.174389475600084430e-26 1.524459102006217215e+01
2.124845352498887158e-26 1.546875819407579478e+01
2.076430107255779092e-26 1.569622167966885762e+01
2.029118018046682165e-26 1.592702994812225192e+01
1.982883949127075331e-26 1.616123218347249946e+01
1.937703337477992746e-26 1.639887829299274102e+01
1.893552179756299056e-26 1.664001891782784881e+01
1.850407019542305934e-26 1.688470544378526128e+01
1.808244934877955543e-26 1.713299001228581986e+01
1.767043526088950178e-26 1.738492553147430897e+01
1.726780903884359411e-26 1.764056568749403908e+01
1.687435677727379287e-26 1.789996495592707504e+01
1.648986944471068207e-26 1.816317861340285589e+01
1.611414277253023045e-26 1.843026274937676234e+01
1.574697714643089881e-26 1.870127427808336407e+01
1.538817750038349570e-26 1.897627095066396308e+01
1.503755321299741431e-26 1.925531136747321526e+01
1.469491800624820109e-26 1.953845499056654234e+01
1.436008984651263473e-26 1.982576215637135775e+01
1.403289084785875967e-26 2.011729408854380452e+01
1.371314717753948371e-26 2.041311291101614955e+01
1.340068896363953426e-26 2.071328166123442927e+01
1.309535020482670456e-26 2.101786430359156910e+01
1.279696868215944145e-26 2.132692574305785627e+01
1.250538587290393886e-26 2.164053183901202004e+01
1.222044686631491228e-26 2.195874941927483448e+01
1.194200028133534923e-26 2.228164629435080712e+01
1.166989818617149880e-26 2.260929127187756293e+01
1.140399601970035404e-26 2.294175417128856509e+01
1.114415251466790481e-26 2.327910583869144645e+01
1.089022962263732763e-26 2.362141816196420407e+01
1.064209244064726861e-26 2.396876408607525732e+01
1.039960913954122399e-26 2.432121762862688641e+01
1.016265089392997235e-26 2.467885389562817977e+01
9.931091813749820902e-27 2.504174909749974276e+01
9.704808877380325998e-27 2.540998056531394411e+01
9.483681866285946295e-27 2.578362676727292779e+01
9.267593301146901725e-27 2.616276732543102312e+01
9.056428379445312271e-27 2.654748303266096698e+01
8.850074914473456756e-27 2.693785586987064207e+01
8.648423275731743755e-27 2.733396902347278612e+01
8.451366330684738648e-27 2.773590690311180040e+01
8.258799387844289647e-27 2.814375515965011232e+01
8.070620141149524567e-27 2.855760070342126511e+01
7.886728615614171697e-27 2.897753172274916977e+01
7.707027114212319653e-27 2.940363770274079158e+01
7.531420165974391138e-27 2.983600944435496416e+01
7.359814475265785695e-27 3.027473908375184308e+01
7.192118872221207614e-27 3.071992011192565641e+01
7.028244264308366676e-27 3.117164739462862144e+01
6.868103588995322025e-27 3.163001719258535971e+01
6.711611767496300483e-27 3.209512718200580395e+01
6.558685659571449161e-27 3.256707647539975170e+01
6.409244019356470063e-27 3.304596564269614589e+01
6.263207452198705005e-27 3.353189673267562654e+01
6.120498372476715562e-27 3.402497329471550813e+01
5.981040962380956632e-27 3.452530040085586194e+01
5.844761131633649478e-27 3.503298466818986867e+01
5.711586478126446510e-27 3.554813428158360722e+01
5.581446249454978032e-27 3.607085901672854078e+01
5.454271305329847544e-27 3.660127026353588775e+01
5.329994080844104257e-27 3.713948104987206023e+01
5.208548550577676333e-27 3.768560606564461324e+01
5.089870193519695363e-27 3.823976168724205138e+01
4.973895958790078083e-27 3.880206600233337610e+01
4.860564232142148891e-27 3.937263883503064221e+01
4.749814803228514353e-27 3.995160177142477664e+01
4.641588833612791882e-27 4.053907818549365771e+01
4.535828825510200166e-27 4.113519326539280740e+01
4.432478591240409915e-27 4.174007404013265443e+01
4.331483223376411530e-27 4.235384940664638265e+01
4.232789065573561654e-27 4.297665015725925741e+01
4.136343684063286266e-27 4.360860900755842096e+01
4.042095839796318290e-27 4.424986062467421988e+01
3.949995461220654811e-27 4.490054165597707225e+01
3.859993617679779118e-27 4.556079075819668134e+01
3.772042493417009219e-27 4.623074862696760334e+01
3.686095362172169530e-27 4.691055802681290743e+01
3.602106562357080876e-27 4.760036382156513923e+01
3.520031472796689717e-27 4.830031300523637583e+01
3.439826489022935137e-27 4.901055473334191248e+01
3.361449000108775709e-27 4.973124035468489978e+01
3.284857366030053803e-27 5.046252344360637210e+01
3.210010895543181567e-27 5.120455983271357070e+01
3.136869824566886129e-27 5.195750764608543903e+01
3.065395295056535999e-27 5.272152733296845639e+01
2.995549334359822508e-27 5.349678170196749960e+01
2.927294835042824815e-27 5.428343595573998215e+01
2.860595535175750669e-27 5.508165772619788925e+01
2.795415999067865032e-27 5.589161711023192680e+01
2.731721598441384483e-27 5.671348670595649821e+01
2.669478494034329127e-27 5.754744164948993301e+01
2.608653617622555826e-27 5.839365965227550248e+01
2.549214654451430844e-27 5.925232103894897051e+01
2.491130026067796192e-27 6.012360878576760115e+01
2.434368873543117890e-27 6.100770855959961381e+01
2.378901041078900544e-27 6.190480875748924916e+01
2.324697059985655011e-27 6.281510054680322952e+01
2.271728133026912157e-27 6.373877790596802129e+01
2.219966119119961554e-27 6.467603766580357672e+01
2.169383518385190910e-27 6.562707955147000405e+01
2.119953457536077429e-27 6.659210622502597232e+01
2.071649675602075311e-27 6.757132332861539226e+01
2.024446509976810051e-27 6.856493952828868998e+01
1.978318882784170279e-27 6.957316655846904041e+01
1.933242287555051097e-27 7.059621926706958561e+01
1.889192776207672206e-27 7.163431566127981398e+01
1.846146946324553388e-27 7.268767695401945161e+01
1.804081928719388455e-27 7.375652761107839694e+01
1.762975375287211264e-27 7.484109539894978980e+01
1.722805447131399109e-27 7.594161143336346242e+01
1.683550802961207708e-27 7.705831022853904244e+01
1.645190587753667576e-27 7.819142974715741445e+01
1.607704421673828535e-27 7.934121145106982453e+01
1.571072389247455346e-27 8.050790035275221612e+01
1.535275028780427373e-27 8.169174506751669185e+01
1.500293322019222940e-27 8.289299786648757618e+01
1.466108684046988985e-27 8.411191473036296884e+01
1.432702953409835316e-27 8.534875540396031113e+01
1.400058382468101801e-27 8.660378345156723867e+01
1.368157627967476134e-27 8.787726631310583514e+01
1.336983741824950718e-27 8.916947536112338923e+01
1.306520162124725343e-27 9.048068595861748520e+01
1.276750704319269651e-27 9.181117751771888891e+01
1.247659552630873612e-27 9.316123355922982796e+01
1.219231251649114496e-27 9.453114177304156840e+01
1.191450698119779696e-27 9.592119407943957299e+01
1.164303132920880334e-27 9.733168669131106299e+01
1.137774133221494813e-27 9.876292017726318306e+01
1.111849604819274384e-27 1.002151995256774200e+02
1.086515774652541617e-27 1.016888342096978306e+02
1.061759183483003446e-27 1.031841382531789435e+02
1.037566678745189038e-27 1.047014302976034656e+02
1.013925407558818372e-27 1.062410336699797284e+02
9.908228099003828853e-28 1.078032764517460578e+02
9.682466119303074753e-28 1.093884915486807188e+02
9.461848194722030221e-28 1.109970167618387791e+02
9.246257116405695548e-28 1.126291948595456347e+02
9.035578346138958160e-28 1.142853736504264788e+02
8.829699955494046754e-28 1.159659060575325356e+02
8.628512566366921976e-28 1.176711501935425161e+02
8.431909292866215627e-28 1.194014694370764857e+02
8.239785684528545279e-28 1.211572325101250556e+02
8.052039670825436845e-28 1.229388135566328799e+02
7.868571506936875674e-28 1.247465922222129677e+02
7.689283720758273834e-28 1.265809537350581593e+02
7.514081061116992486e-28 1.284422889880261494e+02
7.342870447166728039e-28 1.303309946219388564e+02
7.175560918936950285e-28 1.322474731100992074e+02
7.012063589007148692e-28 1.341921328440677428e+02
6.852291595284085785e-28 1.361653882206738047e+02
6.696160054853187714e-28 1.381676597303342646e+02
6.543586018883255698e-28 1.401993740466467955e+02
6.394488428556910884e-28 1.422609641173253294e+02
6.248788072006913230e-28 1.443528692564418918e+02
6.106407542232011777e-28 1.464755352380604734e+02
5.967271195973335017e-28 1.486294143912118102e+02
5.831305113526194846e-28 1.508149656962963832e+02
5.698437059469159423e-28 1.530326548828787168e+02
5.568596444286385854e-28 1.552829545289466751e+02
5.441714286865910160e-28 1.575663441615967599e+02
5.317723177850944612e-28 1.598833103592388909e+02
5.196557243827678949e-28 1.622343468552646755e+02
5.078152112327649894e-28 1.646199546432748377e+02
4.962444877628933300e-28 1.670406420838252188e+02
4.849374067335213445e-28 1.694969250127718681e+02
4.738879609717670781e-28 1.719893268511725068e+02
4.630902801799718397e-28 1.745183787168469678e+02
4.525386278170184998e-28 1.770846195375346497e+02
4.422273980505878658e-28 1.796885961657541486e+02
4.321511127789779350e-28 1.823308634953201874e+02
4.223044187206654574e-28 1.850119845796064340e+02
4.126820845702968484e-28 1.877325307515082216e+02
4.032789982193688679e-28 1.904930817452072063e+02
3.940901640403463722e-28 1.932942258197020635e+02
3.851107002325553117e-28 1.961365598841666440e+02
3.763358362286548240e-28 1.990206896251400508e+02
3.677609101601015723e-28 2.019472296356130698e+02
3.593813663804640332e-28 2.049168035459720727e+02
3.511927530450713147e-28 2.079300441569092186e+02
3.431907197459056885e-28 2.109875935742608704e+02
3.353710152002915315e-28 2.140901033458404186e+02
3.277294849923395439e-28 2.172382346002708289e+02
3.202620693657636909e-28 2.204326581878871707e+02
3.129648010670763252e-28 2.236740548236664949e+02
3.058338032378418957e-28 2.269631152323042329e+02
2.988652873550394960e-28 2.303005402953950522e+02
2.920555512182733099e-28 2.336870412007908442e+02
2.854009769829249289e-28 2.371233395941414415e+02
2.788980292380428305e-28 2.406101677326948334e+02
2.725432531281038873e-28 2.441482686413101817e+02
2.663332725174969914e-28 2.477383962708159402e+02
2.602647881969015124e-28 2.513813156586531079e+02
2.543345761304637632e-28 2.550778030919248067e+02
2.485394857429808744e-28 2.588286462727884327e+02
2.428764382460440388e-28 2.626346444863440297e+02
2.373424250023876093e-28 2.664966087709262297e+02
2.319345059274417967e-28 2.704153620909578422e+02
2.266498079273702021e-28 2.743917395122974199e+02
2.214855233726350410e-28 2.784265883802142980e+02
2.164389086064029073e-28 2.825207684999195408e+02
2.115072824868785957e-28 2.866751523198224731e+02
2.066880249629090691e-28 2.908906251174102522e+02
2.019785756819870147e-28 2.951680851879237935e+02
1.973764326300263438e-28 2.995084440357562698e+02
1.928791508020769934e-28 3.039126265687185651e+02
1.884843409033803063e-28 3.083815712950961370e+02
1.841896680799703292e-28 3.129162305236793600e+02
1.799928506782483811e-28 3.175175705666582644e+02
1.758916590327725297e-28 3.221865719455688577e+02
1.718839142817152696e-28 3.269242296002114472e+02
1.679674872092646276e-28 3.317315531006985339e+02
1.641402971144473214e-28 3.366095668625520148e+02
1.604003107056813287e-28 3.415593103650298872e+02
1.567455410205601457e-28 3.465818383726204956e+02
1.531740463702073462e-28 3.516782211598131198e+02
1.496839293077261652e-28 3.568495447391532025e+02
1.462733356201124012e-28 3.620969110926978942e+02
1.429404533431766843e-28 3.674214384068018830e+02
1.396835117988733946e-28 3.728242613104293923e+02
1.365007806546019408e-28 3.783065311169228266e+02
1.333905690039053276e-28 3.838694160693477784e+02
1.303512244681514308e-28 3.895141015894239445e+02
1.273811323186473333e-28 3.952417905301666110e+02
1.244787146187911309e-28 4.010537034321645820e+02
1.216424293857362924e-28 4.069510787837053272e+02
1.188707697711908057e-28 4.129351732846750451e+02
1.161622632608497155e-28 4.190072621143610263e+02
1.135154708921003683e-28 4.251686392031687660e+02
1.109289864895218159e-28 4.314206175083894550e+02
1.084014359178335467e-28 4.377645292939362207e+02
1.059314763518365637e-28 4.442017264142840531e+02
1.035177955630180535e-28 4.507335806025076863e+02
1.011591112223825533e-28 4.573614837626341227e+02
9.885417021919614059e-29 4.640868482661950907e+02
9.660174799522605742e-29 4.709111072532556364e+02
9.440064789417641871e-29 4.778357149377520727e+02
9.224970052592136361e-29 4.848621469174233312e+02
9.014776314524954919e-29 4.919919004882141280e+02
8.809371904473955077e-29 4.992264949633884612e+02
8.608647696149280371e-29 5.065674719972272442e+02
8.412497049736083639e-29 5.140163959136118592e+02
8.220815755240574940e-29 5.215748540393113899e+02
8.033501977124701281e-29 5.292444570422841252e+02
7.850456200204540863e-29 5.370268392748594124e+02
7.671581176779270535e-29 5.449236591220619630e+02
7.496781874966907958e-29 5.529365993549392897e+02
7.325965428215200587e-29 5.610673674892223062e+02
7.159041085964917858e-29 5.693176961491208203e+02
6.995920165435345775e-29 5.776893434365908888e+02
6.836516004510266025e-29 5.861840933059311283e+02
6.680743915695587630e-29 5.948037559439906090e+02
6.528521141127873964e-29 6.035501681558436076e+02
6.379766808606255979e-29 6.124251937562557941e+02
6.234401888627889254e-29 6.214307239668293050e+02
6.092349152400686676e-29 6.305686778190222412e+02
5.953533130814394660e-29 6.398410025630585096e+02
5.817880074344911727e-29 6.492496740829336659e+02
5.685317913873777168e-29 6.587966973173923861e+02
5.555776222398855264e-29 6.684841066872280635e+02
5.429186177618964524e-29 6.783139665287812932e+02
5.305480525369552463e-29 6.882883715338494994e+02
5.184593543892934429e-29 6.984094471960273722e+02
5.066461008921247419e-29 7.086793502636999165e+02
4.951020159556371661e-29 7.191002691995549867e+02
4.838209664925937243e-29 7.296744246469964992e+02
4.727969591600410134e-29 7.404040699033224655e+02
4.620241371751294134e-29 7.512914913999035207e+02
4.514967772036120195e-29 7.623390091893784302e+02
4.412092863191172179e-29 7.735489774401127079e+02
4.311561990318246043e-29 7.849237849377736893e+02
4.213321743847271524e-29 7.964658555944425871e+02
4.117319931161695871e-29 8.081776489650735584e+02
4.023505548869276505e-29 8.200616607716909812e+02
3.931828755705786378e-29 8.321204234351152991e+02
3.842240846055045160e-29 8.443565066147156131e+02
3.754694224073352302e-29 8.567725177558892256e+02
3.669142378402478918e-29 8.693711026457768867e+02
3.585539857459831512e-29 8.821549459769963732e+02
3.503842245290661395e-29 8.951267719198215218e+02
3.424006137971439532e-29 9.082893447025813884e+02
3.345989120549961218e-29 9.216454692008187521e+02
3.269749744511781252e-29 9.351979915348844088e+02
3.195247505759200381e-29 9.489497996765195467e+02
3.122442823092870579e-29 9.629038240641918946e+02
3.051297017182858209e-29 9.770630382276492583e+02
2.981772290019685517e-29 9.914304594214461304e+02
2.913831704832776928e-29 1.006009149268031820e+03
2.847439166467259409e-29 1.020802214410045394e+03
2.782559402207114514e-29 1.035812807172422708e+03
2.719157943036029924e-29 1.051044126234057330e+03
2.657201105324495717e-29 1.066499417309523778e+03
2.596655972934883301e-29 1.082181973840603405e+03
2.537490379733561197e-29 1.098095137698193412e+03
2.479672892502170128e-29 1.114242299894399139e+03
2.423172794237590837e-29 1.130626901305158754e+03
2.367960067833088352e-29 1.147252433403430587e+03
2.314005380130644511e-29 1.164122439003308500e+03
2.261280066337288702e-29 1.181240513014847465e+03
2.209756114795894051e-29 1.198610303210223265e+03
2.159406152103576349e-29 1.216235511001005989e+03
2.110203428568587826e-29 1.234119892226931142e+03
2.062121803999153033e-29 1.252267257956199728e+03
2.015135733815550368e-29 1.270681475297707948e+03
1.969220255479181607e-29 1.289366468224964819e+03
1.924350975230324502e-29 1.308326218412383923e+03
1.880504055128591079e-29 1.327564766083705535e+03
1.837656200388164753e-29 1.347086210872968422e+03
1.795784647002104022e-29 1.366894712698066087e+03
1.754867149648144883e-29 1.386994492647324250e+03
1.714881969870547830e-29 1.407389833878837635e+03
1.675807864530761826e-29 1.428085082533322975e+03
1.637624074521695778e-29 1.449084648660144239e+03
1.600310313738695274e-29 1.470393007157212196e+03
1.563846758302254188e-29 1.492014698724383152e+03
1.528214036025864669e-29 1.513954330831251355e+03
1.493393216124259322e-29 1.536216578698793683e+03
1.459365799155751792e-29 1.558806186295782254e+03
1.426113707194135534e-29 1.581727967349575238e+03
1.393619274224137896e-29 1.604986806372048250e+03
1.361865236756088290e-29 1.628587659700266613e+03
1.330834724654070540e-29 1.652535556552863000e+03
1.300511252173415202e-29 1.676835600101539512e+03
1.270878709202054199e-29 1.701492968558687153e+03
1.241921352701789725e-29 1.726512916280699756e+03
1.213623798344236865e-29 1.751900774887816397e+03
1.185971012337675474e-29 1.777661954400051854e+03
1.158948303439806994e-29 1.803801944390269682e+03
1.132541315152817264e-29 1.830326315153767155e+03
1.106736018095969969e-29 1.857240718895450073e+03
1.081518702552293625e-29 1.884550890934138806e+03
1.056875971184800742e-29 1.912262650924918489e+03
1.032794731918956751e-29 1.940381904099061330e+03
1.009262190987044303e-29 1.968914642522570603e+03
9.862658461312871267e-30 1.997866946372980919e+03
9.637934799615756320e-30 2.027244985235044624e+03
9.418331534647999830e-30 2.057055019415355218e+03
9.203731996618192082e-30 2.087303401276569275e+03
8.994022174092089669e-30 2.117996576590826862e+03
8.789090653419926923e-30 2.149141085913497136e+03
8.588828559546293252e-30 2.180743565976852551e+03
8.393129498166338809e-30 2.212810751104356768e+03
8.201889499202245734e-30 2.245349474645622195e+03
8.015006961565380930e-30 2.278366670432762930e+03
7.832382599179236306e-30 2.311869374257700656e+03
7.653919388230123674e-30 2.345864725371658096e+03
7.479522515621859681e-30 2.380359968006403506e+03
7.309099328602887737e-30 2.415362452917997416e+03
7.142559285543162536e-30 2.450879638953101676e+03
6.979813907830638414e-30 2.486919094638637034e+03
6.820776732865719897e-30 2.523488499794320433e+03
6.665363268124893167e-30 2.560595647169433050e+03
6.513490946272835666e-30 2.598248444103211114e+03
6.365079081295552397e-30 2.636454914210110474e+03
6.220048825634743483e-30 2.675223199089275568e+03
6.078323128297211307e-30 2.714561560059819840e+03
5.939826693920386913e-30 2.754478379920940370e+03
5.804485942768960382e-30 2.794982164738512438e+03
5.672228971644572756e-30 2.836081545657466449e+03
5.542985515684652167e-30 2.877785280741310544e+03
5.416686911033179903e-30 2.920102256838083122e+03
5.293266058360545258e-30 2.963041491474469240e+03
5.172657387216045613e-30 3.006612134777030406e+03
5.054796821191224766e-30 3.050823471422339935e+03
4.939621743878345835e-30 3.095684922615250343e+03
4.827070965603168448e-30 3.141206048096805262e+03
4.717084690917041226e-30 3.187396548180991431e+03
4.609604486828419523e-30 3.234266265822231617e+03
4.504573251759481565e-30 3.281825188712482941e+03
4.401935185208860972e-30 3.330083451409870577e+03
4.301635758106816915e-30 3.379051337498046450e+03
4.203621683844700683e-30 3.428739281777891847e+03
4.107840889965667665e-30 3.479157872490735826e+03
4.014242490499309806e-30 3.530317853574955734e+03
3.922776758927739773e-30 3.582230126955318156e+03
3.833395101766589404e-30 3.634905754866178086e+03
3.746050032748981292e-30 3.688355962208665005e+03
3.660695147596891044e-30 3.742592138942829024e+03
3.577285099367862377e-30 3.797625842514662509e+03
3.495775574363264545e-30 3.853468800318961712e+03
3.416123268585518248e-30 3.910132912198404938e+03
3.338285864731750505e-30 3.967630252979220586e+03
3.262222009711659872e-30 4.025973075044457801e+03
3.187891292677636113e-30 4.085173810944780598e+03
3.115254223555478343e-30 4.145245076047811381e+03
3.044272212064293498e-30 4.206199671226396276e+03
2.974907547214431314e-30 4.268050585586445777e+03
2.907123377272569467e-30 4.330810999234699921e+03
2.840883690183295520e-30 4.394494286087549881e+03
2.776153294436792581e-30 4.459114016720814107e+03
2.712897800372458750e-30 4.524683961261588593e+03
2.651083601908530769e-30 4.591218092322628763e+03
2.590677858688000854e-30 4.658730587979687698e+03
2.531648478631347642e-30 4.727235834793018512e+03
2.473964100886806407e-30 4.796748430872919926e+03
2.417594079169123345e-30 4.867283188990561030e+03
2.362508465477940184e-30 4.938855139734500881e+03
2.308677994187162755e-30 5.011479534713673274e+03
2.256074066496854577e-30 5.085171849807255967e+03
2.204668735239402876e-30 5.159947788462750395e+03
2.154434690031877832e-30 5.235823285042137286e+03
2.105345242766699617e-30 5.312814508217447838e+03
2.057374313432907464e-30 5.390937864416225239e+03
2.010496416260492849e-30 5.470210001317690512e+03
1.964686646180440661e-30 5.550647811400098362e+03
1.919920665593278840e-30 5.632268435540704559e+03
1.876174691439115628e-30 5.715089266668217533e+03
1.833425482562285106e-30 5.799127953469186650e+03
1.791650327363895816e-30 5.884402404148844653e+03
1.750827031735719813e-30 5.970930790247301047e+03
1.710933907269009830e-30 6.058731550511609385e+03
1.671949759731984942e-30 6.147823394825255491e+03
1.633853877809856855e-30 6.238225308194945683e+03
1.596626022101422031e-30 6.329956554796261116e+03
1.560246414366364852e-30 6.423036682078803096e+03
1.524695727017569937e-30 6.517485524931443251e+03
1.489955072852850684e-30 6.613323209909349316e+03
1.456005995020645604e-30 6.710570159522641916e+03
1.422830457214348944e-30 6.809247096588372187e+03
1.390410834090066781e-30 6.909375048646451432e+03
1.358729901902706458e-30 7.010975352440563256e+03
1.327770829355426320e-30 7.114069658464684835e+03
1.297517168657584127e-30 7.218679935577037213e+03
1.267952846786431278e-30 7.324828475681304553e+03
1.239062156947913164e-30 7.432537898476981354e+03
1.210829750232037001e-30 7.541831156279510651e+03
1.183240627458375555e-30 7.652731538911367352e+03
1.156280131207373055e-30 7.765262678664745181e+03
1.129933938033219445e-30 7.879448555337849939e+03
1.104188050854157931e-30 7.995313501344619908e+03
1.079028791516181315e-30 8.112882206899900666e+03
1.054442793526166333e-30 8.232179725280864659e+03
1.030416994950585417e-30 8.353231478165467706e+03
1.006938631476024992e-30 8.476063261050076107e+03
9.839952296278206872e-31 8.600701248746085184e+03
9.615746001432075951e-31 8.727172000957702039e+03
9.396648314954671003e-31 8.855502467941683790e+03
9.182542835656262285e-31 8.985719996250360055e+03
8.973315814583500854e-31 9.117852334558756411e+03
8.768856094587408094e-31 9.251927639578127128e+03
8.569055051268330175e-31 9.387974482055709814e+03
8.373806535266471837e-31 9.526021852863079403e+03
8.183006815867373623e-31 9.666099169173950941e+03
7.996554525892329009e-31 9.808236280732900923e+03
7.814350607844526102e-31 9.952463476215876653e+03
7.636298261282225838e-31 1.009881148968503294e+04
7.462302891391092569e-31 1.024731150713767965e+04
7.292272058728297446e-31 1.039799517315193953e+04
7.126115430111730493e-31 1.055089459763003288e+04
6.963744730628208189e-31 1.070604236264083011e+04
6.805073696735192186e-31 1.086347152936255952e+04
6.650018030431104955e-31 1.102321564512850273e+04
6.498495354469875536e-31 1.118530875057540288e+04
6.350425168595949359e-31 1.134978538689743618e+04
6.205728806776487455e-31 1.151668060320685436e+04
6.064329395408049636e-31 1.168602996400239135e+04
5.926151812475540560e-31 1.185786955674843193e+04
5.791122647641746717e-31 1.203223599956469297e+04
5.659170163246231163e-31 1.220916644902944063e+04
5.530224256192888832e-31 1.238869860809736929e+04
5.404216420705904017e-31 1.257087073413399958e+04
5.281079711934320189e-31 1.275572164706772492e+04
5.160748710385897372e-31 1.294329073766273723e+04
5.043159487171348306e-31 1.313361797591258619e+04
4.928249570040503537e-31 1.332674391955768988e+04
4.815957910192340971e-31 1.352270972272795916e+04
4.706224849841271675e-31 1.372155714471265856e+04
4.598992090522428458e-31 1.392332855885862955e+04
4.494202662119132874e-31 1.412806696160050888e+04
4.391800892596077160e-31 1.433581598162259434e+04
4.291732378422149076e-31 1.454661988915600341e+04
4.193943955667177967e-31 1.476052360541242706e+04
4.098383671757252560e-31 1.497757271215672699e+04
4.005000757873602602e-31 1.519781346141968061e+04
3.913745601980375804e-31 1.542129278535478807e+04
3.824569722466991447e-31 1.564805830623877046e+04
3.737425742391056354e-31 1.587815834661975714e+04
3.652267364308167868e-31 1.611164193961469937e+04
3.569049345675222310e-31 1.634855883935754355e+04
3.487727474814170571e-31 1.658895953160236604e+04
3.408258547423444932e-31 1.683289524448109296e+04
3.330600343624581617e-31 1.708041795942009412e+04
3.254711605531841653e-31 1.733158042221714277e+04
3.180552015332913306e-31 1.758643615428140401e+04
3.108082173869057431e-31 1.784503946403801820e+04
3.037263579703305374e-31 1.810744545850177383e+04
2.968058608665596250e-31 1.837371005501958280e+04
2.900430493863985652e-31 1.864388999318628339e+04
2.834343306151303509e-31 1.891804284693558657e+04
2.769761935036885363e-31 1.919622703680891209e+04
2.706652070033235585e-31 1.947850184240388262e+04
2.644980182427714502e-31 1.976492741500743796e+04
2.584713507469558556e-31 2.005556479041313287e+04
2.525820026962779558e-31 2.035047590192769712e+04
2.468268452255687461e-31 2.064972359356887318e+04
2.412028207618002215e-31 2.095337163345648150e+04
2.357069413996723024e-31 2.126148472740206853e+04
2.303362873142126507e-31 2.157412853269671541e+04
2.250880052095457066e-31 2.189136967210242074e+04
2.199593068030070277e-31 2.221327574804908363e+04
2.149474673437976203e-31 2.253991535704038688e+04
2.100498241653910841e-31 2.287135810427064644e+04
2.052637752709247836e-31 2.320767461845838261e+04
2.005867779508229848e-31 2.354893656689623094e+04
1.960163474319181612e-31 2.389521667072302444e+04
1.915500555573523888e-31 2.424658872042031362e+04
1.871855294965575478e-31 2.460312759153691150e+04
1.829204504846290070e-31 2.496490926064368978e+04
1.787525525904231900e-31 2.533201082152498566e+04
1.746796215127242225e-31 2.570451050160609520e+04
1.706994934038404498e-31 2.608248767862332170e+04
1.668100537200055825e-31 2.646602289753895093e+04
1.630092360979737884e-31 2.685519788770519517e+04
1.592950212572119757e-31 2.725009558027940147e+04
1.556654359271058887e-31 2.765080012589757098e+04
1.521185517986101683e-31 2.805739691260554173e+04
1.486524844997854074e-31 2.846997258405494722e+04
1.452653925946778161e-31 2.888861505796677739e+04
1.419554766050098585e-31 2.931341354486522687e+04
1.387209780541618042e-31 2.974445856708941574e+04
1.355601785329366178e-31 3.018184197808227327e+04
1.324713987866114690e-31 3.062565698196428639e+04
1.294529978227913441e-31 3.107599815339477937e+04
1.265033720395901117e-31 3.153296145772556338e+04
1.236209543736766580e-31 3.199664427144961519e+04
1.208042134677326408e-31 3.246714540295302140e+04
1.180516528568803208e-31 3.294456511356953706e+04
1.153618101736476237e-31 3.342900513894598407e+04
1.127332563710484879e-31 3.392056871072159265e+04
1.101645949633654649e-31 3.441936057852640806e+04
1.076544612842313721e-31 3.492548703230176761e+04
1.052015217616156837e-31 3.543905592495180463e+04
1.028044732093307644e-31 3.596017669532522996e+04
1.004620421346811048e-31 3.648896039153646416e+04
9.817298406188821059e-32 3.702551969462967827e+04
9.593608287093127506e-32 3.756996894258938119e+04
9.375015015145270736e-32 3.812242415470701962e+04
9.161402457138502399e-32 3.868300305630287039e+04
8.952657125996382056e-32 3.925182510381303291e+04
8.748668120479896382e-32 3.982901151024493447e+04
8.549327066268367598e-32 4.041468527100754000e+04
8.354528058382853994e-32 4.100897119011969335e+04
8.164167604921454847e-32 4.161199590680720576e+04
7.978144572076612925e-32 4.222388792248766549e+04
7.796360130405220532e-32 4.284477762815377355e+04
7.618717702322983084e-32 4.347479733215896704e+04
7.445122910795128109e-32 4.411408128841201687e+04
7.275483529196217567e-32 4.476276572498436144e+04
7.109709432312423473e-32 4.542098887314179592e+04
6.947712548460225668e-32 4.608889099679936771e+04
6.789406812696098179e-32 4.676661442241123586e+04
6.634708121092337388e-32 4.745430356929973641e+04
6.483534286054714001e-32 4.815210498043074040e+04
6.335804992658241709e-32 4.886016735363964108e+04
6.191441755977834909e-32 4.957864157332042669e+04
6.050367879391212487e-32 5.030768074257679109e+04
5.912508413831868812e-32 5.104744021584802249e+04
5.777790117970494746e-32 5.179807763201461785e+04
5.646141419303660573e-32 5.255975294798862160e+04
5.517492376129116899e-32 5.333262847280214919e+04
5.391774640387494302e-32 5.411686890219288034e+04
5.268921421350666421e-32 5.491264135370033182e+04
5.148867450137486733e-32 5.572011540227769001e+04
5.031548945038046078e-32 5.653946311642781075e+04
4.916903577628021129e-32 5.737085909486831224e+04
4.804870439655124074e-32 5.821448050374036393e+04
4.695390010680053000e-32 5.907050711436005076e+04
4.588404126454751884e-32 5.993912134152717044e+04
4.483855948021181575e-32 6.082050828239685507e+04
4.381689931514185786e-32 6.171485575592333043e+04
4.281851798652406672e-32 6.262235434288111719e+04
4.184288507901576249e-32 6.354319742647983367e+04
4.088948226294855871e-32 6.447758123357113800e+04
3.995780301895265436e-32 6.542570487646412948e+04
3.904735236885556027e-32 6.638777039535572112e+04
3.815764661271244774e-32 6.736398280138213886e+04
3.728821307182830167e-32 6.835455012030900980e+04
3.643858983763540477e-32 6.935968343685835134e+04
3.560832552629274487e-32 7.037959693969023647e+04
3.479697903887688228e-32 7.141450796704522509e+04
3.400411932703702725e-32 7.246463705305861367e+04
3.322932516398968312e-32 7.353020797475274594e+04
3.247218492073125420e-32 7.461144779972625838e+04
3.173229634734973242e-32 7.570858693453867454e+04
3.100926635931923713e-32 7.682185917380936735e+04
3.030271082866393023e-32 7.795150175003803452e+04
2.961225437988031389e-32 7.909775538415832852e+04
2.893753019050947448e-32 8.026086433683164068e+04
2.827817979625338167e-32 8.144107646050163021e+04
2.763385290053167243e-32 8.263864325220773753e+04
2.700420718837769802e-32 8.385381990717852022e+04
2.638890814457507535e-32 8.508686537321242213e+04
2.578762887593798183e-32 8.633804240585889784e+04
2.520004993764089635e-32 8.760761762440744496e+04
2.462585916350544282e-32 8.889586156870698323e+04
2.406475150015421810e-32 9.020304875681368867e+04
2.351642884494346213e-32 9.152945774349007115e+04
2.298059988758848885e-32 9.287537117956424481e+04
2.245697995539771797e-32 9.424107587215836975e+04
2.194529086203311534e-32 9.562686284581029031e+04
2.144526075971665342e-32 9.703302740448625991e+04
2.095662399480430822e-32 9.845986919450949063e+04
2.047912096665083319e-32 9.990769226841321506e+04
2.001249798969034888e-32 1.013768051497334964e+05
1.955650715865947040e-32 1.028675208987506630e+05
1.911090621689135841e-32 1.043801571792058385e+05
1.867545842761074123e-32 1.059150363259900332e+05
1.824993244816150425e-32 1.074724854138329247e+05
1.783410220710006330e-32 1.090528363270007540e+05
1.742774678408917289e-32 1.106564258300200454e+05
1.703065029252842645e-32 1.122835956394367095e+05
1.664260176485901980e-32 1.139346924966394872e+05
1.626339504048190616e-32 1.156100682417451899e+05
1.589282865622976283e-32 1.173100798885747645e+05
1.553070573933458560e-32 1.190350897007321764e+05
1.517683390283403793e-32 1.207854652687969210e+05
1.483102514336102827e-32 1.225615795886614942e+05
1.449309574126214976e-32 1.243638111410110141e+05
1.416286616299197362e-32 1.261925439719764399e+05
1.384016096573130171e-32 1.280481677749727824e+05
1.352480870417874006e-32 1.299310779737418052e+05
1.321664183946603862e-32 1.318416758066105249e+05
1.291549665014882804e-32 1.337803684119993413e+05
1.262121314522546220e-32 1.357475689151768747e+05
1.233363497913774570e-32 1.377436965162958950e+05
1.205260936870841315e-32 1.397691765797226690e+05
1.177798701197118107e-32 1.418244407246809860e+05
1.150962200885031133e-32 1.439099269172234053e+05
1.124737178364750737e-32 1.460260795635665127e+05
1.099109700929496114e-32 1.481733496047867229e+05
1.074066153333432343e-32 1.503521946129149292e+05
1.049593230558226557e-32 1.525630788884425128e+05
1.025677930744420767e-32 1.548064735592626093e+05
1.002307548283864363e-32 1.570828566810600751e+05
9.794696670695465180e-33 1.593927133391888055e+05
9.571521538991855122e-33 1.617365357520424586e+05
9.353431520292300716e-33 1.641148233759331051e+05
9.140310748756222228e-33 1.665280830115305143e+05
8.932045998581031978e-33 1.689768289118587854e+05
8.728526623848370735e-33 1.714615828918838815e+05
8.529644499740946745e-33 1.739828744396986731e+05
8.335293965098186820e-33 1.765412408293606713e+05
8.145371766280804181e-33 1.791372272353896988e+05
7.959777002314977607e-33 1.817713868489304150e+05
7.778411071286419009e-33 1.844442809956355777e+05
7.601177617955322307e-33 1.871564792552891013e+05
7.427982482564970894e-33 1.899085595831730752e+05
7.258733650817246298e-33 1.927011084332362225e+05
7.093341204987931666e-33 1.955347208830502350e+05
6.931717276155400245e-33 1.984100007606268919e+05
6.773775997517800765e-33 2.013275607730908087e+05
6.619433458774388052e-33 2.042880226372474863e+05
6.468607661546268147e-33 2.072920172120547795e+05
6.321218475812448481e-33 2.103401846330635890e+05
6.177187597338538320e-33 2.134331744488361583e+05
6.036438506075864137e-33 2.165716457593480300e+05
5.898896425508445023e-33 2.197562673564418219e+05
5.764488282925873319e-33 2.229877178663433297e+05
5.633142670601397795e-33 2.262666858942840772e+05
5.504789807854967862e-33 2.295938701712233888e+05
5.379361503980653824e-33 2.329699797027549939e+05
5.256791122018419250e-33 2.363957339201833238e+05
5.137013543351380610e-33 2.398718628338396375e+05
5.019965133110079362e-33 2.433991071886459249e+05
4.905583706365005622e-33 2.469782186219479190e+05
4.793808495089106616e-33 2.506099598236946331e+05
4.684580115873083876e-33 2.542951046989740862e+05
4.577840538376616411e-33 2.580344385329121433e+05
4.473533054498426715e-33 2.618287581580166880e+05
4.371602248248502002e-33 2.656788721239781589e+05
4.271993966306811417e-33 2.695856008699804079e+05
4.174655289253134365e-33 2.735497768995127408e+05
4.079534503452415310e-33 2.775722449577847146e+05
3.986581073580438753e-33 2.816538622117262566e+05
3.895745615775532934e-33 2.857954984326562262e+05
3.806979871402283794e-33 2.899980361816290533e+05
3.720236681413035479e-33 2.942623709974849480e+05
3.635469961293317649e-33 2.985894115876986762e+05
3.552634676578168498e-33 3.029800800220202655e+05
3.471686818926559780e-33 3.074353119289684691e+05
3.392583382740963881e-33 3.119560566951886285e+05
3.315282342319423210e-33 3.165432776677738875e+05
3.239742629528221808e-33 3.211979523595626815e+05
3.165924111983520462e-33 3.259210726574210566e+05
3.093787571730111353e-33 3.307136450336108683e+05
3.023294684405776322e-33 3.355766907602770370e+05
2.954407998880404108e-33 3.405112461270619533e+05
2.887090917359234672e-33 3.455183626619500574e+05
2.821307675939447516e-33 3.505991073553178576e+05
2.757023325609582561e-33 3.557545628873203532e+05
2.694203713681904435e-33 3.609858278586050146e+05
2.632815465648020126e-33 3.662940170244236942e+05
2.572825967447911165e-33 3.716802615321577759e+05
2.514203348142796692e-33 3.771457091623739689e+05
2.456916462982810311e-33 3.826915245734259370e+05
2.400934876860651880e-33 3.883188895496127079e+05
2.346228848142243324e-33 3.940290032530165045e+05
2.292769312865648842e-33 3.998230824790378101e+05
2.240527869300036432e-33 4.057023619157074718e+05
2.189476762856620563e-33 4.116680944067633827e+05
2.139588871343403975e-33 4.177215512186444830e+05
2.090837690555750097e-33 4.238640223113740794e+05
2.043197320195287297e-33 4.300968166134604253e+05
1.996642450109793265e-33 4.364212623008266673e+05
1.951148346846600431e-33 4.428387070798099739e+05
1.906690840512251809e-33 4.493505184743677964e+05
1.863246311931574907e-33 4.559580841175087262e+05
1.820791680099462468e-33 4.626628120469609275e+05
1.779304389918562907e-33 4.694661310052244226e+05
1.738762400216250629e-33 4.763694907440284733e+05
1.699144172034639832e-33 4.833743623332894640e+05
1.660428657187529590e-33 4.904822384745535091e+05
1.622595287078073922e-33 4.976946338191068498e+05
1.585623961771137177e-33 5.050130852907196968e+05
1.549495039314644346e-33 5.124391524131770711e+05
1.514189325304352077e-33 5.199744176426098566e+05
1.479688062686384218e-33 5.276204867046743166e+05
1.445972921792019581e-33 5.353789889367484720e+05
1.413025990599545135e-33 5.432515776351363165e+05
1.380829765218092363e-33 5.512399304073848762e+05
1.349367140588295472e-33 5.593457495297391433e+05
1.318621401394748544e-33 5.675707623099087505e+05
1.288576213185528489e-33 5.759167214551727520e+05
1.259215613694150880e-33 5.843854054458350874e+05
1.230524004359251543e-33 5.929786189142138464e+05
1.202486142037412290e-33 6.016981930292223115e+05
1.175087130904817104e-33 6.105459858865580754e+05
1.148312414543511094e-33 6.195238829046830069e+05
1.122147768207971072e-33 6.286337972265512217e+05
1.096579291267809892e-33 6.378776701273195213e+05
1.071593399822679854e-33 6.472574714280230692e+05
1.047176819485520278e-33 6.567751999153452925e+05
1.023316578330236457e-33 6.664328837675063405e+05
1.000000000000000056e-33 6.762325809864831390e+05
