9.999999999999999604e-24 1.062267250339032736e-02
9.772146969725724738e-24 1.077720696233243174e-02
9.549485639791965794e-24 1.093398952776496354e-02
9.331897715733238896e-24 1.109305290425638066e-02
9.119267598459297506e-24 1.125443027214833788e-02
8.911482322840201665e-24 1.141815529447708956e-02
8.708431497690723643e-24 1.158426212399534840e-02
8.510007247122245829e-24 1.175278541029677569e-02
8.316104153230962074e-24 1.192376030704363730e-02
8.126619200091945995e-24 1.209722247929984063e-02
7.941451719029340346e-24 1.227320811097061190e-02
7.760503335133571050e-24 1.245175391235038564e-02
7.583677914997190344e-24 1.263289712778051070e-02
7.410881515641569167e-24 1.281667554341836199e-02
7.242022334607315734e-24 1.300312749511945559e-02
7.077010661181889384e-24 1.319229187643424991e-02
6.915758828738525318e-24 1.338420814672126348e-02
6.758181168161110409e-24 1.357891633937824069e-02
6.604193962330304856e-24 1.377645707019303431e-02
6.453715401646701858e-24 1.397687154581599492e-02
6.306665540567405945e-24 1.418020157235560900e-02
6.162966255132942524e-24 1.438648956409917246e-02
6.022541201461927680e-24 1.459577855236034345e-02
5.885315775191450364e-24 1.480811219445539104e-02
5.751217071841613552e-24 1.502353478281004580e-02
5.620173848083187866e-24 1.524209125419881058e-02
5.492116483887788896e-24 1.546382719911870186e-02
5.366976945540475783e-24 1.568878887129934382e-02
5.244688749495119009e-24 1.591702319735141535e-02
5.125186927053332750e-24 1.614857778655546042e-02
5.008407989848212386e-24 1.638350094079309496e-02
4.894289896114532080e-24 1.662184166462270588e-02
4.782772017727484994e-24 1.686364967550170110e-02
4.673795107992463720e-24 1.710897541415749845e-02
4.567301270168746670e-24 1.735787005510936593e-02
4.463233926710397639e-24 1.761038551734333754e-02
4.361537789208005389e-24 1.786657447514241812e-02
4.262158829015325017e-24 1.812649036907443625e-02
4.165044248545184823e-24 1.839018741713933577e-02
4.070142453219438979e-24 1.865772062607941317e-02
3.977403024058036467e-24 1.892914580285333034e-02
3.886776690892667640e-24 1.920451956627741708e-02
3.798215306190736261e-24 1.948389935883626523e-02
3.711671819475767098e-24 1.976734345866511949e-02
3.627100252330648591e-24 2.005491099170660443e-02
3.544455673970435593e-24 2.034666194404428918e-02
3.463694177371733998e-24 2.064265717441567463e-02
3.384772855945982922e-24 2.094295842690722942e-02
3.307649780744242543e-24 2.124762834383408378e-02
3.232283978181380723e-24 2.155673047880712206e-02
3.158635408267818998e-24 2.187032930999014552e-02
3.086664943337274359e-24 2.218849025354990498e-02
3.016334347259197398e-24 2.251127967730180701e-02
2.947606255124858643e-24 2.283876491455410357e-02
2.880444153396297907e-24 2.317101427815353165e-02
2.814812360507581092e-24 2.350809707473522359e-02
2.750676007908067484e-24 2.385008361917996880e-02
2.688001021537607666e-24 2.419704524928177614e-02
2.626754103723838313e-24 2.454905434062879671e-02
2.566902715491951711e-24 2.490618432170075766e-02
2.508415059277541183e-24 2.526850968918600837e-02
2.451260062033339982e-24 2.563610602352140583e-02
2.395407358720879479e-24 2.600905000465825526e-02
2.340827276178294161e-24 2.638741942805761242e-02
2.287490817355704076e-24 2.677129322091829217e-02
2.235369645909796390e-24 2.716075145864092419e-02
2.184436071149428299e-24 2.755587538153156033e-02
2.134663033324245433e-24 2.795674741174824715e-02
2.086024089248504962e-24 2.836345117049415485e-02
2.038493398252464167e-24 2.877607149546091564e-02
1.992045708453871177e-24 2.919469445852516248e-02
1.946656343342263211e-24 2.961940738370367684e-02
1.902301188668945870e-24 3.005029886536854031e-02
1.858956679635688327e-24 3.048745878672789317e-02
1.816599788375328659e-24 3.093097833857542250e-02
1.775208011717636027e-24 3.138095003831258001e-02
1.734759359233932522e-24 3.183746774924757494e-02
1.695232341554121503e-24 3.230062670017508353e-02
1.656605958949915079e-24 3.277052350524078950e-02
1.618859690178199226e-24 3.324725618409497124e-02
1.581973481578601579e-24 3.373092418233918782e-02
1.545927736419478458e-24 3.422162839227047698e-02
1.510703304486655635e-24 3.471947117392730486e-02
1.476281471909391007e-24 3.522455637644168747e-02
1.442643951218158727e-24 3.573698935970195251e-02
1.409772871628967618e-24 3.625687701633061727e-02
1.377650769549054937e-24 3.678432779398198987e-02
1.346260579298910947e-24 3.731945171796419158e-02
1.315585624045705132e-24 3.786236041419020759e-02
1.285609606943296546e-24 3.841316713246289288e-02
1.256316602474121539e-24 3.897198677009863776e-02
1.227691047988360474e-24 3.953893589589480007e-02
1.199717735435885523e-24 4.011413277444571268e-02
1.172381803286599793e-24 4.069769739081247756e-02
1.145668728634872645e-24 4.128975147555164621e-02
1.119564319483879473e-24 4.189041853010801175e-02
1.094054707205743624e-24 4.249982385257677214e-02
1.069126339173477203e-24 4.311809456384049777e-02
1.044765971560805237e-24 4.374535963408632960e-02
1.020960662306047528e-24 4.438174990970894518e-02
9.976977642363212160e-25 4.502739814060486429e-02
9.749649183484095637e-25 4.568243900786405493e-02
9.527500472427300580e-25 4.634700915186339837e-02
9.310413487069084147e-25 4.702124720077078407e-02
9.098272894455567132e-25 4.770529379946192999e-02
8.890965989529167059e-25 4.839929163885885177e-02
8.688382635251193478e-25 4.910338548569496281e-02
8.490415204088755051e-25 4.981772221271310586e-02
8.296958520834916019e-25 5.054245082930301086e-02
8.107909806731694372e-25 5.127772251258436165e-02
7.923168624866261835e-25 5.202369063894207030e-02
7.742636826811277888e-25 5.278051081602034428e-02
7.566218500481062388e-25 5.354834091518215905e-02
7.393819919175873397e-25 5.432734110444093628e-02
7.225349491787221692e-25 5.511767388187133188e-02
7.060717714137779777e-25 5.591950410950603800e-02
6.899837121430025420e-25 5.673299904772571151e-02
6.742622241778349368e-25 5.755832839014921043e-02
6.588989550799956527e-25 5.839566429903135514e-02
6.438857427240426255e-25 5.924518144117571494e-02
6.292146109610350239e-25 6.010705702436976855e-02
6.148777653810029397e-25 6.098147083435014049e-02
6.008675891719693372e-25 6.186860527230559487e-02
5.871766390733261784e-25 6.276864539292562051e-02
5.737976414214139384e-25 6.368177894300247610e-02
5.607234882852038637e-25 6.460819640059488334e-02
5.479472336900292581e-25 6.554809101476138933e-02
5.354620899273613018e-25 6.650165884587179443e-02
5.232614239486666956e-25 6.746909880650499292e-02
5.113387538414330952e-25 6.845061270294179601e-02
4.996877453854888907e-25 6.944640527726135548e-02
4.883022086877885202e-25 7.045668425005004176e-02
4.771760948938750961e-25 7.148166036373153343e-02
4.663034929742736329e-25 7.252154742652765218e-02
4.556786265841068284e-25 7.357656235705722914e-02
4.452958509942660332e-25 7.464692522958661647e-02
4.351496500925053992e-25 7.573285931993575804e-02
4.252346334528686172e-25 7.683459115205329426e-02
4.155455334718879575e-25 7.795235054526916674e-02
4.060772025700369767e-25 7.908637066223443701e-02
3.968246104569486047e-25 8.023688805755868625e-02
3.877828414589461406e-25 8.140414272715484900e-02
3.789470919074671521e-25 8.258837815830194495e-02
3.703126675869931034e-25 8.378984138043608920e-02
3.618749812411283922e-25 8.500878301668045312e-02
3.536295501355046667e-25 8.624545733612472287e-02
3.455719936762143013e-25 8.750012230686524117e-02
3.376980310825094677e-25 8.877303964981674012e-02
3.300034791125288575e-25 9.006447489330673961e-02
3.224842498408445586e-25 9.137469742846443532e-02
3.151363484866482633e-25 9.270398056541510889e-02
3.079558712914229883e-25 9.405260159029218969e-02
3.009390034449724275e-25 9.542084182307866702e-02
2.940820170587066939e-25 9.680898667628988485e-02
2.873812691851069426e-25 9.821732571451018134e-02
2.808331998823175447e-25 9.964615271479548841e-02
2.744343303228368386e-25 1.010957657279547145e-01
2.681812609453018269e-25 1.025664671407226641e-01
2.620706696483855085e-25 1.040585637388373175e-01
2.560993100258462021e-25 1.055723667710348618e-01
2.502640096417921841e-25 1.071081920139756033e-01
2.445616683452448938e-25 1.086663598381144152e-01
2.389892566231052635e-25 1.102471952745294609e-01
2.335438139906481649e-25 1.118510280827231113e-01
2.282224474186900746e-25 1.134781928194092265e-01
2.230223297965940737e-25 1.151290289083010121e-01
2.179406984302958082e-25 1.168038807109148258e-01
2.129748535745523138e-25 1.185030975984013302e-01
2.081221569986341612e-25 1.202270340244266794e-01
2.033800305846984101e-25 1.219760495991089599e-01
1.987459549580985734e-25 1.237505091640327265e-01
1.942174681489028324e-25 1.255507828683543325e-01
1.897921642839103370e-25 1.273772462460144028e-01
1.854676923084701230e-25 1.292302802940734630e-01
1.812417547374239569e-25 1.311102715521874074e-01
1.771121064345090480e-25 1.330176121832389036e-01
1.730765534195727720e-25 1.349527000551418721e-01
1.691329517029650549e-25 1.369159388238360420e-01
1.652792061464897186e-25 1.389077380174889575e-01
1.615132693503092969e-25 1.409285131219227549e-01
1.578331405652119677e-25 1.429786856672837225e-01
1.542368646296630489e-25 1.450586833159728806e-01
1.507225309310758569e-25 1.471689399518555930e-01
1.472882723907504778e-25 1.493098957707688357e-01
1.439322644719409410e-25 1.514819973723454394e-01
1.406527242105239347e-25 1.536856978531739304e-01
1.374479092677539357e-25 1.559214569013136487e-01
1.343161170046018158e-25 1.581897408921849879e-01
1.312556835771845486e-25 1.604910229858542980e-01
1.282649830528062460e-25 1.628257832257344606e-01
1.253424265461402112e-25 1.651945086387209549e-01
1.224864613750933125e-25 1.675976933367848420e-01
1.196955702359045220e-25 1.700358386200437333e-01
1.169682703970387130e-25 1.725094530813320037e-01
1.143031129114481077e-25 1.750190527122924555e-01
1.116986818467824906e-25 1.775651610110112466e-01
1.091535935331393358e-25 1.801483090912186225e-01
1.066664958279540887e-25 1.827690357930783771e-01
1.042360673976403229e-25 1.854278877955897464e-01
1.018610170155977387e-25 1.881254197306205522e-01
9.954008287621539061e-26 1.908621942986070130e-01
9.727203192450556821e-26 1.936387823859291868e-01
9.505565920101210223e-26 1.964557631839973784e-01
9.288978720164516366e-26 1.993137243100706890e-01
9.077326525210242137e-26 2.022132619298327993e-01
8.870496889654420501e-26 2.051549808817511034e-01
8.668379930019792023e-26 2.081394948032450620e-01
8.470868266557419480e-26 2.111674262586897277e-01
8.277856966198489128e-26 2.142394068692816955e-01
8.089243486805955022e-26 2.173560774447941546e-01
7.904927622696437001e-26 2.205180881172487117e-01
7.724811451403415451e-26 2.237260984765316874e-01
7.548799281653446692e-26 2.269807777079835276e-01
7.376797602527746189e-26 2.302828047319896154e-01
7.208715033782150269e-26 2.336328683456019850e-01
7.044462277299051345e-26 2.370316673662210272e-01
6.883952069645510064e-26 2.404799107773676337e-01
6.727099135712350446e-26 2.439783178765760063e-01
6.573820143409598563e-26 2.475276184254377454e-01
6.424033659394203849e-26 2.511285528018288860e-01
6.277660105806512496e-26 2.547818721543513854e-01
6.134621717992519137e-26 2.584883385590214799e-01
5.994842503189421224e-26 2.622487251782374407e-01
5.858248200152548083e-26 2.660638164220596735e-01
5.724766239702190070e-26 2.699344081118375538e-01
5.594325706169389314e-26 2.738613076462162454e-01
5.466857299720192095e-26 2.778453341695584777e-01
5.342293299538363361e-26 2.818873187428169724e-01
5.220567527846986365e-26 2.859881045168921054e-01
5.101615314749843906e-26 2.901485469085116620e-01
4.985373463873903568e-26 2.943695137786704885e-01
4.871780218794640868e-26 2.986518856136600730e-01
4.760775230226377913e-26 3.029965557087436756e-01
4.652299523960198588e-26 3.074044303544910539e-01
4.546295469532408798e-26 3.118764290258306815e-01
4.442706749606891992e-26 3.164134845738503232e-01
4.341478330055101073e-26 3.210165434203882673e-01
4.242556430717785944e-26 3.256865657554552373e-01
4.145888496832919853e-26 3.304245257375283407e-01
4.051423171114655606e-26 3.352314116967587965e-01
3.959110266468467009e-26 3.401082263411359663e-01
3.868900739327983336e-26 3.450559869656503742e-01
3.780746663599356924e-26 3.500757256644997373e-01
3.694601205199309946e-26 3.551684895463818048e-01
3.610418597173344465e-26 3.603353409529198026e-01
3.528154115380890322e-26 3.655773576802646696e-01
3.447764054734471309e-26 3.708956332039216042e-01
3.369205705980273740e-26 3.762912769068471053e-01
3.292437333007775293e-26 3.817654143108642484e-01
3.217418150676377854e-26 3.873191873114447681e-01
3.144108303147271042e-26 3.929537544159061868e-01
3.072468842709009680e-26 3.986702909850746157e-01
3.002461709085555354e-26 4.044699894784629657e-01
2.934049709215792804e-26 4.103540597030155834e-01
2.867196497493775813e-26 4.163237290654741574e-01
2.801866556459201205e-26 4.223802428284051946e-01
2.738025177927863273e-26 4.285248643699702265e-01
2.675638444552050988e-26 4.347588754474572825e-01
2.614673211801097208e-26 4.410835764646550139e-01
2.555097090352512334e-26 4.475002867431145392e-01
2.496878428884331748e-26 4.540103447973577455e-01
2.439986297259555192e-26 4.606151086140889972e-01
2.384390470093725271e-26 4.673159559354687631e-01
2.330061410696929317e-26 4.741142845465081690e-01
2.276970255381684779e-26 4.810115125666447611e-01
2.225088798128374059e-26 4.880090787455593770e-01
2.174389475600084430e-26 4.951084427632970186e-01
2.124845352498887158e-26 5.023110855347535653e-01
2.076430107255779092e-26 5.096185095185918890e-01
2.029118018046682165e-26 5.170322390306523186e-01
1.982883949127075331e-26 5.245538205619220129e-01
1.937703337477992746e-26 5.321848231011304664e-01
1.893552179756299056e-26 5.399268384620374839e-01
1.850407019542305934e-26 5.477814816154833455e-01
1.808244934877955543e-26 5.557503910262683311e-01
1.767043526088950178e-26 5.638352289949336571e-01
1.726780903884359411e-26 5.720376820045149913e-01
1.687435677727379287e-26 5.803594610723390446e-01
1.648986944471068207e-26 5.888023021069395124e-01
1.611414277253023045e-26 5.973679662701640858e-01
1.574697714643089881e-26 6.060582403445500255e-01
1.538817750038349570e-26 6.148749371060437952e-01
1.503755321299741431e-26 6.238198957021425795e-01
1.469491800624820109e-26 6.328949820355378453e-01
1.436008984651263473e-26 6.421020891533388841e-01
1.403289084785875967e-26 6.514431376419596020e-01
1.371314717753948371e-26 6.609200760277488262e-01
1.340068896363953426e-26 6.705348811834501710e-01
1.309535020482670456e-26 6.802895587405735078e-01
1.279696868215944145e-26 6.901861435077670803e-01
1.250538587290393886e-26 7.002266998952740851e-01
1.222044686631491228e-26 7.104133223455657564e-01
1.194200028133534923e-26 7.207481357702379965e-01
1.166989818617149880e-26 7.312332959932644760e-01
1.140399601970035404e-26 7.418709902006973556e-01
1.114415251466790481e-26 7.526634373969107727e-01
1.089022962263732763e-26 7.636128888674813542e-01
1.064209244064726861e-26 7.747216286488021186e-01
1.039960913954122399e-26 7.859919740045286929e-01
1.016265089392997235e-26 7.974262759089563168e-01
9.931091813749820902e-27 8.090269195374291122e-01
9.704808877380325998e-27 8.207963247638835336e-01
9.483681866285946295e-27 8.327369466656292518e-01
9.267593301146901725e-27 8.448512760354749407e-01
9.056428379445312271e-27 8.571418399013025491e-01
8.850074914473456756e-27 8.696112020532010822e-01
8.648423275731743755e-27 8.822619635782688041e-01
8.451366330684738648e-27 8.950967634031954390e-01
8.258799387844289647e-27 9.081182788447376142e-01
8.070620141149524567e-27 9.213292261682024531e-01
7.886728615614171697e-27 9.347323611540556687e-01
7.707027114212319653e-27 9.483304796727805019e-01
7.531420165974391138e-27 9.621264182680603350e-01
7.359814475265785695e-27 9.761230547485230113e-01
7.192118872221207614e-27 9.903233087880157770e-01
7.028244264308366676e-27 1.004730142534652426e+00
6.868103588995322025e-27 1.019346561228710923e+00
6.711611767496300483e-27 1.034175613829523055e+00
6.558685659571449161e-27 1.049220393651480121e+00
6.409244019356470063e-27 1.064484039009294225e+00
6.263207452198705005e-27 1.079969733872644833e+00
6.120498372476715562e-27 1.095680708530349268e+00
5.981040962380956632e-27 1.111620240264195036e+00
5.844761131633649478e-27 1.127791654032575197e+00
5.711586478126446510e-27 1.144198323164069553e+00
5.581446249454978032e-27 1.160843670061113553e+00
5.454271305329847544e-27 1.177731166913907224e+00
5.329994080844104257e-27 1.194864336424706686e+00
5.208548550577676333e-27 1.212246752542654127e+00
5.089870193519695363e-27 1.229882041209297450e+00
4.973895958790078083e-27 1.247773881114955241e+00
4.860564232142148891e-27 1.265926004466084498e+00
4.749814803228514353e-27 1.284342197763813420e+00
4.641588833612791882e-27 1.303026302593798702e+00
4.535828825510200166e-27 1.321982216427572299e+00
4.432478591240409915e-27 1.341213893435549309e+00
4.331483223376411530e-27 1.360725345311858847e+00
4.232789065573561654e-27 1.380520642111177976e+00
4.136343684063286266e-27 1.400603913097737019e+00
4.042095839796318290e-27 1.420979347606677878e+00
3.949995461220654811e-27 1.441651195917940331e+00
3.859993617679779118e-27 1.462623770142864821e+00
3.772042493417009219e-27 1.483901445123690044e+00
3.686095362172169530e-27 1.505488659346138292e+00
3.602106562357080876e-27 1.527389915865275061e+00
3.520031472796689717e-27 1.549609783244838557e+00
3.439826489022935137e-27 1.572152896510234266e+00
3.361449000108775709e-27 1.595023958115393770e+00
3.284857366030053803e-27 1.618227738923696757e+00
3.210010895543181567e-27 1.641769079203166726e+00
3.136869824566886129e-27 1.665652889636140666e+00
3.065395295056535999e-27 1.689884152343630097e+00
2.995549334359822508e-27 1.714467921924581972e+00
2.927294835042824815e-27 1.739409326510259701e+00
2.860595535175750669e-27 1.764713568833961688e+00
2.795415999067865032e-27 1.790385927316303194e+00
2.731721598441384483e-27 1.816431757166284910e+00
2.669478494034329127e-27 1.842856491498380933e+00
2.608653617622555826e-27 1.869665642465875743e+00
2.549214654451430844e-27 1.896864802410691331e+00
2.491130026067796192e-27 1.924459645029938493e+00
2.434368873543117890e-27 1.952455926559440780e+00
2.378901041078900544e-27 1.980859486974474892e+00
2.324697059985655011e-27 2.009676251207979991e+00
2.271728133026912157e-27 2.038912230386487501e+00
2.219966119119961554e-27 2.068573523084031862e+00
2.169383518385190910e-27 2.098666316594302916e+00
2.119953457536077429e-27 2.129196888221302597e+00
2.071649675602075311e-27 2.160171606588783266e+00
2.024446509976810051e-27 2.191596932968726819e+00
1.978318882784170279e-27 2.223479422629159430e+00
1.933242287555051097e-27 2.255825726201563963e+00
1.889192776207672206e-27 2.288642591068195564e+00
1.846146946324553388e-27 2.321936862769568677e+00
1.804081928719388455e-27 2.355715486432427674e+00
1.762975375287211264e-27 2.389985508218507970e+00
1.722805447131399109e-27 2.424754076794272795e+00
1.683550802961207708e-27 2.460028444822231375e+00
1.645190587753667576e-27 2.495815970473752810e+00
1.607704421673828535e-27 2.532124118963987591e+00
1.571072389247455346e-27 2.568960464109097508e+00
1.535275028780427373e-27 2.606332689906142086e+00
1.500293322019222940e-27 2.644248592135945319e+00
1.466108684046988985e-27 2.682716079989282854e+00
1.432702953409835316e-27 2.721743177716725359e+00
1.400058382468101801e-27 2.761338026302482263e+00
1.368157627967476134e-27 2.801508885162597107e+00
1.336983741824950718e-27 2.842264133867847598e+00
1.306520162124725343e-27 2.883612273891710487e+00
1.276750704319269651e-27 2.925561930383751008e+00
1.247659552630873612e-27 2.968121853968817003e+00
1.219231251649114496e-27 3.011300922572402339e+00
1.191450698119779696e-27 3.055108143272566856e+00
1.164303132920880334e-27 3.099552654178797439e+00
1.137774133221494813e-27 3.144643726338200995e+00
1.111849604819274384e-27 3.190390765669429918e+00
1.086515774652541617e-27 3.236803314924738384e+00
1.061759183483003446e-27 3.283891055680585591e+00
1.037566678745189038e-27 3.331663810357193611e+00
1.013925407558818372e-27 3.380131544267489740e+00
9.908228099003828853e-28 3.429304367695851230e+00
9.682466119303074753e-28 3.479192538007120916e+00
9.461848194722030221e-28 3.529806461786135774e+00
9.246257116405695548e-28 3.581156697008833767e+00
9.035578346138958160e-28 3.633253955244199140e+00
8.829699955494046754e-28 3.686109103889142258e+00
8.628512566366921976e-28 3.739733168434947519e+00
8.431909292866215627e-28 3.794137334767649694e+00
8.239785684528545279e-28 3.849332951500905153e+00
8.052039670825436845e-28 3.905331532343786272e+00
7.868571506936875674e-28 3.962144758502017972e+00
7.689283720758273834e-28 4.019784481115168617e+00
7.514081061116992486e-28 4.078262723728257377e+00
7.342870447166728039e-28 4.137591684800371539e+00
7.175560918936950285e-28 4.197783740248710593e+00
7.012063589007148692e-28 4.258851446030718968e+00
6.852291595284085785e-28 4.320807540762692689e+00
6.696160054853187714e-28 4.383664948377584913e+00
6.543586018883255698e-28 4.447436780820353874e+00
6.394488428556910884e-28 4.512136340783661659e+00
6.248788072006913230e-28 4.577777124482214965e+00
6.106407542232011777e-28 4.644372824468637972e+00
5.967271195973335017e-28 4.711937332489120500e+00
5.831305113526194846e-28 4.780484742381812424e+00
5.698437059469159423e-28 4.850029353016166667e+00
5.568596444286385854e-28 4.920585671276275441e+00
5.441714286865910160e-28 4.992168415086350564e+00
5.317723177850944612e-28 5.064792516481499085e+00
5.196557243827678949e-28 5.138473124721868679e+00
5.078152112327649894e-28 5.213225609453414400e+00
4.962444877628933300e-28 5.289065563913314172e+00
4.849374067335213445e-28 5.366008808183367229e+00
4.738879609717670781e-28 5.444071392489346017e+00
4.630902801799718397e-28 5.523269600549747693e+00
4.525386278170184998e-28 5.603619952971836682e+00
4.422273980505878658e-28 5.685139210698534562e+00
4.321511127789779350e-28 5.767844378503994562e+00
4.223044187206654574e-28 5.851752708541507531e+00
4.126820845702968484e-28 5.936881703941518929e+00
4.032789982193688679e-28 6.023249122463515626e+00
3.940901640403463722e-28 6.110872980199535398e+00
3.851107002325553117e-28 6.199771555332834083e+00
3.763358362286548240e-28 6.289963391950430527e+00
3.677609101601015723e-28 6.381467303911425581e+00
3.593813663804640332e-28 6.474302378771536581e+00
3.511927530450713147e-28 6.568487981764731032e+00
3.431907197459056885e-28 6.664043759842777526e+00
3.353710152002915315e-28 6.760989645773567425e+00
3.277294849923395439e-28 6.859345862299054630e+00
3.202620693657636909e-28 6.959132926353683857e+00
3.129648010670763252e-28 7.060371653344186704e+00
3.058338032378418957e-28 7.163083161491641704e+00
2.988652873550394960e-28 7.267288876236695394e+00
2.920555512182733099e-28 7.373010534708872576e+00
2.854009769829249289e-28 7.480270190260903007e+00
2.788980292380428305e-28 7.589090217069014876e+00
2.725432531281038873e-28 7.699493314800144539e+00
2.663332725174969914e-28 7.811502513347050147e+00
2.602647881969015124e-28 7.925141177632305300e+00
2.543345761304637632e-28 8.040433012482182562e+00
2.485394857429808744e-28 8.157402067571437598e+00
2.428764382460440388e-28 8.276072742440028662e+00
2.373424250023876093e-28 8.396469791582822140e+00
2.319345059274417967e-28 8.518618329613326878e+00
2.266498079273702021e-28 8.642543836502573740e+00
2.214855233726350410e-28 8.768272162894247046e+00
2.164389086064029073e-28 8.895829535496739382e+00
2.115072824868785957e-28 9.025242562554781856e+00
2.066880249629090691e-28 9.156538239398789969e+00
2.019785756819870147e-28 9.289743954077218646e+00
1.973764326300263438e-28 9.424887493068466071e+00
1.928791508020769934e-28 9.561997047078302003e+00
1.884843409033803063e-28 9.701101216919159498e+00
1.841896680799703292e-28 9.842229019477468199e+00
1.799928506782483811e-28 9.985409893765265110e+00
1.758916590327725297e-28 1.013067370706239601e+01
1.718839142817152696e-28 1.027805076114547589e+01
1.679674872092646276e-28 1.042757179861011529e+01
1.641402971144473214e-28 1.057926800928242450e+01
1.604003107056813287e-28 1.073317103672651918e+01
1.567455410205601457e-28 1.088931298484393473e+01
1.531740463702073462e-28 1.104772642457183629e+01
1.496839293077261652e-28 1.120844440067584813e+01
1.462733356201124012e-28 1.137150043864456883e+01
1.429404533431766843e-28 1.153692855168147169e+01
1.396835117988733946e-28 1.170476324780147692e+01
1.365007806546019408e-28 1.187503953702776194e+01
1.333905690039053276e-28 1.204779293869632006e+01
1.303512244681514308e-28 1.222305948886368121e+01
1.273811323186473333e-28 1.240087574782553226e+01
1.244787146187911309e-28 1.258127880774155294e+01
1.216424293857362924e-28 1.276430630037438263e+01
1.188707697711908057e-28 1.294999640493789883e+01
1.161622632608497155e-28 1.313838785606300164e+01
1.135154708921003683e-28 1.332951995187590200e+01
1.109289864895218159e-28 1.352343256219735323e+01
1.084014359178335467e-28 1.372016613685768682e+01
1.059314763518365637e-28 1.391976171413634411e+01
1.035177955630180535e-28 1.412226092932059451e+01
1.011591112223825533e-28 1.432770602339240362e+01
9.885417021919614059e-29 1.453613985183798185e+01
9.660174799522605742e-29 1.474760589358923646e+01
9.440064789417641871e-29 1.496214826009150300e+01
9.224970052592136361e-29 1.517981170450703665e+01
9.014776314524954919e-29 1.540064163104862516e+01
8.809371904473955077e-29 1.562468410445216804e+01
8.608647696149280371e-29 1.585198585958508666e+01
8.412497049736083639e-29 1.608259431119526894e+01
8.220815755240574940e-29 1.631655756380168398e+01
8.033501977124701281e-29 1.655392442172892231e+01
7.850456200204540863e-29 1.679474439928766927e+01
7.671581176779270535e-29 1.703906773110332296e+01
7.496781874966907958e-29 1.728694538259484403e+01
7.325965428215200587e-29 1.753842906060604179e+01
7.159041085964917858e-29 1.779357122419154535e+01
6.995920165435345775e-29 1.805242509555966635e+01
6.836516004510266025e-29 1.831504467117444790e+01
6.680743915695587630e-29 1.858148473301925563e+01
6.528521141127873964e-29 1.885180086002417355e+01
6.379766808606255979e-29 1.912604943965969895e+01
6.234401888627889254e-29 1.940428767969905266e+01
6.092349152400686676e-29 1.968657362015163059e+01
5.953533130814394660e-29 1.997296614537003379e+01
5.817880074344911727e-29 2.026352499633325976e+01
5.685317913873777168e-29 2.055831078310855276e+01
5.555776222398855264e-29 2.085738499749456309e+01
5.429186177618964524e-29 2.116081002584842352e+01
5.305480525369552463e-29 2.146864916209944596e+01
5.184593543892934429e-29 2.178096662095211045e+01
5.066461008921247419e-29 2.209782755128132337e+01
4.951020159556371661e-29 2.241929804972146201e+01
4.838209664925937243e-29 2.274544517445600889e+01
4.727969591600410134e-29 2.307633695920302586e+01
4.620241371751294134e-29 2.341204242740982977e+01
4.514967772036120195e-29 2.375263160664816198e+01
4.412092863191172179e-29 2.409817554322486899e+01
4.311561990318246043e-29 2.444874631699893186e+01
4.213321743847271524e-29 2.480441705642034478e+01
4.117319931161695871e-29 2.516526195378140685e+01
4.023505548869276505e-29 2.553135628069631480e+01
3.931828755705786378e-29 2.590277640379942881e+01
3.842240846055045160e-29 2.627959980067852896e+01
3.754694224073352302e-29 2.666190507603315041e+01
3.669142378402478918e-29 2.704977197807478717e+01
3.585539857459831512e-29 2.744328141515877917e+01
3.503842245290661395e-29 2.784251547266515558e+01
3.424006137971439532e-29 2.824755743011793641e+01
3.345989120549961218e-29 2.865849177856072316e+01
3.269749744511781252e-29 2.907540423817770403e+01
3.195247505759200381e-29 2.949838177617845858e+01
3.122442823092870579e-29 2.992751262493538889e+01
3.051297017182858209e-29 3.036288630039267034e+01
2.981772290019685517e-29 3.080459362073523621e+01
2.913831704832776928e-29 3.125272672533722229e+01
2.847439166467259409e-29 3.170737909397809773e+01
2.782559402207114514e-29 3.216864556634642724e+01
2.719157943036029924e-29 3.263662236181915688e+01
2.657201105324495717e-29 3.311140709953696870e+01
2.596655972934883301e-29 3.359309881876325221e+01
2.537490379733561197e-29 3.408179799954778133e+01
2.479672892502170128e-29 3.457760658368235340e+01
2.423172794237590837e-29 3.508062799597008308e+01
2.367960067833088352e-29 3.559096716579511366e+01
2.314005380130644511e-29 3.610873054901531276e+01
2.261280066337288702e-29 3.663402615016410380e+01
2.209756114795894051e-29 3.716696354498475330e+01
2.159406152103576349e-29 3.770765390328288902e+01
2.110203428568587826e-29 3.825621001212117989e+01
2.062121803999153033e-29 3.881274629934160458e+01
2.015135733815550368e-29 3.937737885743986510e+01
1.969220255479181607e-29 3.995022546777739336e+01
1.924350975230324502e-29 4.053140562515376644e+01
1.880504055128591079e-29 4.112104056273158648e+01
1.837656200388164753e-29 4.171925327732576960e+01
1.795784647002104022e-29 4.232616855506049802e+01
1.754867149648144883e-29 4.294191299739937762e+01
1.714881969870547830e-29 4.356661504755427927e+01
1.675807864530761826e-29 4.420040501727837778e+01
1.637624074521695778e-29 4.484341511404894476e+01
1.600310313738695274e-29 4.549577946864559408e+01
1.563846758302254188e-29 4.615763416312973533e+01
1.528214036025864669e-29 4.682911725923105450e+01
1.493393216124259322e-29 4.751036882714694087e+01
1.459365799155751792e-29 4.820153097476090664e+01
1.426113707194135534e-29 4.890274787728599648e+01
1.393619274224137896e-29 4.961416580733953197e+01
1.361865236756088290e-29 5.033593316545530882e+01
1.330834724654070540e-29 5.106820051103967018e+01
1.300511252173415202e-29 5.181112059377795731e+01
1.270878709202054199e-29 5.256484838549781102e+01
1.241921352701789725e-29 5.332954111249604523e+01
1.213623798344236865e-29 5.410535828833575067e+01
1.185971012337675474e-29 5.489246174712054938e+01
1.158948303439806994e-29 5.569101567725338242e+01
1.132541315152817264e-29 5.650118665568362530e+01
1.106736018095969969e-29 5.732314368265976867e+01
1.081518702552293625e-29 5.815705821697569178e+01
1.056875971184800742e-29 5.900310421174411601e+01
1.032794731918956751e-29 5.986145815067531828e+01
1.009262190987044303e-29 6.073229908489906848e+01
9.862658461312871267e-30 6.161580867030653508e+01
9.637934799615756320e-30 6.251217120545130257e+01
9.418331534647999830e-30 6.342157366998571888e+01
9.203731996618192082e-30 6.434420576367266165e+01
8.994022174092089669e-30 6.528025994594830195e+01
8.789090653419926923e-30 6.622993147607719777e+01
8.588828559546293252e-30 6.719341845387454271e+01
8.393129498166338809e-30 6.817092186103802476e+01
8.201889499202245734e-30 6.916264560306356657e+01
8.015006961565380930e-30 7.016879655178846065e+01
7.832382599179236306e-30 7.118958458853555271e+01
7.653919388230123674e-30 7.222522264790316626e+01
7.479522515621859681e-30 7.327592676217368250e+01
7.309099328602887737e-30 7.434191610638684722e+01
7.142559285543162536e-30 7.542341304404982338e+01
6.979813907830638414e-30 7.652064317353143963e+01
6.820776732865719897e-30 7.763383537511185750e+01
6.665363268124893167e-30 7.876322185873651449e+01
6.513490946272835666e-30 7.990903821244459948e+01
6.365079081295552397e-30 8.107152345152262285e+01
6.220048825634743483e-30 8.225092006835210157e+01
6.078323128297211307e-30 8.344747408300365521e+01
5.939826693920386913e-30 8.466143509454565219e+01
5.804485942768960382e-30 8.589305633312093846e+01
5.672228971644572756e-30 8.714259471275926217e+01
5.542985515684652167e-30 8.841031088498024815e+01
5.416686911033179903e-30 8.969646929315348416e+01
5.293266058360545258e-30 9.100133822767242009e+01
5.172657387216045613e-30 9.232518988190768994e+01
5.054796821191224766e-30 9.366830040899796472e+01
4.939621743878345835e-30 9.503094997944296551e+01
4.827070965603168448e-30 9.641342283955880532e+01
4.717084690917041226e-30 9.781600737075882535e+01
4.609604486828419523e-30 9.923899614972206962e+01
4.504573251759481565e-30 1.006826860094123219e+02
4.401935185208860972e-30 1.021473781010057138e+02
4.301635758106816915e-30 1.036333779567063971e+02
4.203621683844700683e-30 1.051409955534807494e+02
4.107840889965667665e-30 1.066705453777180850e+02
4.014242490499309806e-30 1.082223464908319244e+02
3.922776758927739773e-30 1.097967225958156945e+02
3.833395101766589404e-30 1.113940021047665283e+02
3.746050032748981292e-30 1.130145182073915180e+02
3.660695147596891044e-30 1.146586089405105184e+02
3.577285099367862377e-30 1.163266172585699394e+02
3.495775574363264545e-30 1.180188911051825613e+02
3.416123268585518248e-30 1.197357834857078842e+02
3.338285864731750505e-30 1.214776525408884282e+02
3.262222009711659872e-30 1.232448616215573338e+02
3.187891292677636113e-30 1.250377793644326374e+02
3.115254223555478343e-30 1.268567797690142385e+02
3.044272212064293498e-30 1.287022422755996445e+02
2.974907547214431314e-30 1.305745518444343816e+02
2.907123377272569467e-30 1.324740990360142234e+02
2.840883690183295520e-30 1.344012800925552824e+02
2.776153294436792581e-30 1.363564970206494706e+02
2.712897800372458750e-30 1.383401576751224127e+02
2.651083601908530769e-30 1.403526758441123263e+02
2.590677858688000854e-30 1.423944713353810414e+02
2.531648478631347642e-30 1.444659700638919162e+02
2.473964100886806407e-30 1.465676041406503316e+02
2.417594079169123345e-30 1.486998119628426593e+02
2.362508465477940184e-30 1.508630383052848742e+02
2.308677994187162755e-30 1.530577344132020414e+02
2.256074066496854577e-30 1.552843580963570673e+02
2.204668735239402876e-30 1.575433738245491782e+02
2.154434690031877832e-30 1.598352528245014526e+02
2.105345242766699617e-30 1.621604731781578153e+02
2.057374313432907464e-30 1.645195199224102112e+02
2.010496416260492849e-30 1.669128851502763666e+02
1.964686646180440661e-30 1.693410681135496532e+02
1.919920665593278840e-30 1.718045753269418867e+02
1.876174691439115628e-30 1.743039206737417430e+02
1.833425482562285106e-30 1.768396255130095653e+02
1.791650327363895816e-30 1.794122187883322965e+02
1.750827031735719813e-30 1.820222371381598521e+02
1.710933907269009830e-30 1.846702250077472627e+02
1.671949759731984942e-30 1.873567347627247273e+02
1.633853877809856855e-30 1.900823268043203313e+02
1.596626022101422031e-30 1.928475696862586801e+02
1.560246414366364852e-30 1.956530402333601160e+02
1.524695727017569937e-30 1.984993236618655601e+02
1.489955072852850684e-30 2.013870137015114210e+02
1.456005995020645604e-30 2.043167127193806891e+02
1.422830457214348944e-30 2.072890318455555700e+02
1.390410834090066781e-30 2.103045911005982020e+02
1.358729901902706458e-30 2.133640195248858902e+02
1.327770829355426320e-30 2.164679553098277438e+02
1.297517168657584127e-30 2.196170459309903435e+02
1.267952846786431278e-30 2.228119482831599214e+02
1.239062156947913164e-30 2.260533288173696747e+02
1.210829750232037001e-30 2.293418636799200101e+02
1.183240627458375555e-30 2.326782388534217034e+02
1.156280131207373055e-30 2.360631502998905376e+02
1.129933938033219445e-30 2.394973041059237744e+02
1.104188050854157931e-30 2.429814166299886438e+02
1.079028791516181315e-30 2.465162146518534314e+02
1.054442793526166333e-30 2.501024355241924297e+02
1.030416994950585417e-30 2.537408273263964986e+02
1.006938631476024992e-30 2.574321490206210115e+02
9.839952296278206872e-31 2.611771706101040991e+02
9.615746001432075951e-31 2.649766732997879330e+02
9.396648314954671003e-31 2.688314496592768705e+02
9.182542835656262285e-31 2.727423037881657137e+02
8.973315814583500854e-31 2.767100514837738956e+02
8.768856094587408094e-31 2.807355204113191576e+02
8.569055051268330175e-31 2.848195502765670426e+02
8.373806535266471837e-31 2.889629930009921281e+02
8.183006815867373623e-31 2.931667128994873224e+02
7.996554525892329009e-31 2.974315868606584559e+02
7.814350607844526102e-31 3.017585045297416286e+02
7.636298261282225838e-31 3.061483684941817955e+02
7.462302891391092569e-31 3.106020944719107320e+02
7.292272058728297446e-31 3.151206115023644543e+02
7.126115430111730493e-31 3.197048621402788626e+02
6.963744730628208189e-31 3.243558026523054423e+02
6.805073696735192186e-31 3.290744032164863029e+02
6.650018030431104955e-31 3.338616481246320973e+02
6.498495354469875536e-31 3.387185359876433495e+02
6.350425168595949359e-31 3.436460799438188474e+02
6.205728806776487455e-31 3.486453078701946424e+02
6.064329395408049636e-31 3.537172625969574824e+02
5.926151812475540560e-31 3.588630021249801416e+02
5.791122647641746717e-31 3.640835998465067860e+02
5.659170163246231163e-31 3.693801447690784698e+02
5.530224256192888832e-31 3.747537417426863726e+02
5.404216420705904017e-31 3.802055116902445207e+02
5.281079711934320189e-31 3.857365918414122916e+02
5.160748710385897372e-31 3.913481359698187134e+02
5.043159487171348306e-31 3.970413146337374428e+02
4.928249570040503537e-31 4.028173154202630712e+02
4.815957910192340971e-31 4.086773431930400307e+02
4.706224849841271675e-31 4.146226203435948605e+02
4.598992090522428458e-31 4.206543870463248709e+02
4.494202662119132874e-31 4.267739015171964638e+02
4.391800892596077160e-31 4.329824402762067166e+02
4.291732378422149076e-31 4.392812984136632508e+02
4.193943955667177967e-31 4.456717898603378103e+02
4.098383671757252560e-31 4.521552476615499359e+02
4.005000757873602602e-31 4.587330242552376376e+02
3.913745601980375804e-31 4.654064917540740680e+02
3.824569722466991447e-31 4.721770422316874374e+02
3.737425742391056354e-31 4.790460880130451073e+02
3.652267364308167868e-31 4.860150619690623444e+02
3.569049345675222310e-31 4.930854178154966689e+02
3.487727474814170571e-31 5.002586304161901580e+02
3.408258547423444932e-31 5.075361960907237062e+02
3.330600343624581617e-31 5.149196329265465693e+02
3.254711605531841653e-31 5.224104810956466736e+02
3.180552015332913306e-31 5.300103031758279712e+02
3.108082173869057431e-31 5.377206844766612903e+02
3.037263579703305374e-31 5.455432333701774041e+02
2.968058608665596250e-31 5.534795816263699635e+02
2.900430493863985652e-31 5.615313847535807099e+02
2.834343306151303509e-31 5.697003223438350688e+02
2.769761935036885363e-31 5.779880984232020182e+02
2.706652070033235585e-31 5.863964418072514491e+02
2.644980182427714502e-31 5.949271064616816602e+02
2.584713507469558556e-31 6.035818718681936161e+02
2.525820026962779558e-31 6.123625433956876805e+02
2.468268452255687461e-31 6.212709526768608157e+02
2.412028207618002215e-31 6.303089579902809874e+02
2.357069413996723024e-31 6.394784446480221050e+02
2.303362873142126507e-31 6.487813253889355565e+02
2.250880052095457066e-31 6.582195407776451930e+02
2.199593068030070277e-31 6.677950596093451168e+02
2.149474673437976203e-31 6.775098793204869025e+02
2.100498241653910841e-31 6.873660264054419713e+02
2.052637752709247836e-31 6.973655568392239275e+02
2.005867779508229848e-31 7.075105565063618087e+02
1.960163474319181612e-31 7.178031416360119010e+02
1.915500555573523888e-31 7.282454592433994094e+02
1.871855294965575478e-31 7.388396875776821844e+02
1.829204504846290070e-31 7.495880365763292730e+02
1.787525525904231900e-31 7.604927483261104726e+02
1.746796215127242225e-31 7.715560975307914759e+02
1.706994934038404498e-31 7.827803919856331731e+02
1.668100537200055825e-31 7.941679730587935637e+02
1.630092360979737884e-31 8.057212161797332328e+02
1.592950212572119757e-31 8.174425313347255724e+02
1.556654359271058887e-31 8.293343635695761122e+02
1.521185517986101683e-31 8.413991934996540749e+02
1.486524844997854074e-31 8.536395378273450660e+02
1.452653925946778161e-31 8.660579498670304019e+02
1.419554766050098585e-31 8.786570200777043738e+02
1.387209780541618042e-31 8.914393766033390420e+02
1.355601785329366178e-31 9.044076858211179797e+02
1.324713987866114690e-31 9.175646528976085392e+02
1.294529978227913441e-31 9.309130223530988815e+02
1.265033720395901117e-31 9.444555786340707755e+02
1.236209543736766580e-31 9.581951466940374758e+02
1.208042134677326408e-31 9.721345925828244390e+02
1.180516528568803208e-31 9.862768240444216872e+02
1.153618101736476237e-31 1.000624791123534692e+03
1.127332563710484879e-31 1.015181486780958039e+03
1.101645949633654649e-31 1.029949947517902274e+03
1.076544612842313721e-31 1.044933254009402617e+03
1.052015217616156837e-31 1.060134531746941548e+03
1.028044732093307644e-31 1.075556951690422920e+03
1.004620421346811048e-31 1.091203730929625635e+03
9.817298406188821059e-32 1.107078133355286354e+03
9.593608287093127506e-32 1.123183470339937912e+03
9.375015015145270736e-32 1.139523101428658947e+03
9.161402457138502399e-32 1.156100435039867079e+03
8.952657125996382056e-32 1.172918929176309348e+03
8.748668120479896382e-32 1.189982092146396781e+03
8.549327066268367598e-32 1.207293483296029535e+03
8.354528058382853994e-32 1.224856713751071311e+03
8.164167604921454847e-32 1.242675447170624238e+03
7.978144572076612925e-32 1.260753400511260679e+03
7.796360130405220532e-32 1.279094344802374508e+03
7.618717702322983084e-32 1.297702105932810809e+03
7.445122910795128109e-32 1.316580565448940433e+03
7.275483529196217567e-32 1.335733661364342879e+03
7.109709432312423473e-32 1.355165388981269416e+03
6.947712548460225668e-32 1.374879801724056051e+03
6.789406812696098179e-32 1.394881011984660972e+03
6.634708121092337388e-32 1.415173191980501770e+03
6.483534286054714001e-32 1.435760574624773426e+03
6.335804992658241709e-32 1.456647454409425791e+03
6.191441755977834909e-32 1.477838188300987667e+03
6.050367879391212487e-32 1.499337196649422140e+03
5.912508413831868812e-32 1.521148964110204133e+03
5.777790117970494746e-32 1.543278040579810977e+03
5.646141419303660573e-32 1.565729042144823552e+03
5.517492376129116899e-32 1.588506652044834027e+03
5.391774640387494302e-32 1.611615621649360264e+03
5.268921421350666421e-32 1.635060771448974265e+03
5.148867450137486733e-32 1.658846992060848152e+03
5.031548945038046078e-32 1.682979245248927327e+03
4.916903577628021129e-32 1.707462564958946587e+03
4.804870439655124074e-32 1.732302058368502003e+03
4.695390010680053000e-32 1.757502906952399599e+03
4.588404126454751884e-32 1.783070367563501577e+03
4.483855948021181575e-32 1.809009773529296353e+03
4.381689931514185786e-32 1.835326535764421806e+03
4.281851798652406672e-32 1.862026143899373210e+03
4.184288507901576249e-32 1.889114167425628693e+03
4.088948226294855871e-32 1.916596256857437083e+03
3.995780301895265436e-32 1.944478144910504625e+03
3.904735236885556027e-32 1.972765647697829536e+03
3.815764661271244774e-32 2.001464665942932925e+03
3.728821307182830167e-32 2.030581186210739133e+03
3.643858983763540477e-32 2.060121282156363577e+03
3.560832552629274487e-32 2.090091115792065011e+03
3.479697903887688228e-32 2.120496938772632802e+03
3.400411932703702725e-32 2.151345093699468180e+03
3.322932516398968312e-32 2.182642015443642322e+03
3.247218492073125420e-32 2.214394232488198668e+03
3.173229634734973242e-32 2.246608368289981627e+03
3.100926635931923713e-32 2.279291142661298636e+03
3.030271082866393023e-32 2.312449373171584739e+03
2.961225437988031389e-32 2.346089976569649480e+03
2.893753019050947448e-32 2.380219970226422447e+03
2.827817979625338167e-32 2.414846473598783632e+03
2.763385290053167243e-32 2.449976709714670505e+03
2.700420718837769802e-32 2.485618006679787413e+03
2.638890814457507535e-32 2.521777799206236978e+03
2.578762887593798183e-32 2.558463630163387279e+03
2.520004993764089635e-32 2.595683152151302238e+03
2.462585916350544282e-32 2.633444129097058521e+03
2.406475150015421810e-32 2.671754437874288669e+03
2.351642884494346213e-32 2.710622069946283773e+03
2.298059988758848885e-32 2.750055133032996309e+03
2.245697995539771797e-32 2.790061852802299200e+03
2.194529086203311534e-32 2.830650574585843060e+03
2.144526075971665342e-32 2.871829765119879539e+03
2.095662399480430822e-32 2.913608014311407715e+03
2.047912096665083319e-32 2.955994037030011896e+03
2.001249798969034888e-32 2.998996674925770094e+03
1.955650715865947040e-32 3.042624898273606050e+03
1.911090621689135841e-32 3.086887807844471808e+03
1.867545842761074123e-32 3.131794636803754656e+03
1.824993244816150425e-32 3.177354752637297679e+03
1.783410220710006330e-32 3.223577659105441398e+03
1.742774678408917289e-32 3.270472998225491210e+03
1.703065029252842645e-32 3.318050552283026263e+03
1.664260176485901980e-32 3.366320245872465421e+03
1.626339504048190616e-32 3.415292147967321853e+03
1.589282865622976283e-32 3.464976474020572823e+03
1.553070573933458560e-32 3.515383588095585310e+03
1.517683390283403793e-32 3.566524005028040392e+03
1.483102514336102827e-32 3.618408392619311144e+03
1.449309574126214976e-32 3.671047573861746969e+03
1.416286616299197362e-32 3.724452529196328669e+03
1.384016096573130171e-32 3.778634398803173553e+03
1.352480870417874006e-32 3.833604484925353518e+03
1.321664183946603862e-32 3.889374254226524044e+03
1.291549665014882804e-32 3.945955340182852069e+03
1.262121314522546220e-32 4.003359545509736563e+03
1.233363497913774570e-32 4.061598844623835248e+03
1.205260936870841315e-32 4.120685386140906303e+03
1.177798701197118107e-32 4.180631495409989839e+03
1.150962200885031133e-32 4.241449677084452560e+03
1.124737178364750737e-32 4.303152617730435850e+03
1.099109700929496114e-32 4.365753188473254340e+03
1.074066153333432343e-32 4.429264447682287027e+03
1.049593230558226557e-32 4.493699643694931183e+03
1.025677930744420767e-32 4.559072217580183860e+03
1.002307548283864363e-32 4.625395805942423067e+03
9.794696670695465180e-33 4.692684243765980682e+03
9.571521538991855122e-33 4.760951567301096475e+03
9.353431520292300716e-33 4.830212016991891687e+03
9.140310748756222228e-33 4.900480040446708699e+03
8.932045998581031978e-33 4.971770295452247410e+03
8.728526623848370735e-33 5.044097653030759830e+03
8.529644499740946745e-33 5.117477200542360151e+03
8.335293965098186820e-33 5.191924244831970100e+03
8.145371766280804181e-33 5.267454315422721265e+03
7.959777002314977607e-33 5.344083167754967690e+03
7.778411071286419009e-33 5.421826786473093307e+03
7.601177617955322307e-33 5.500701388759622205e+03
7.427982482564970894e-33 5.580723427718533458e+03
7.258733650817246298e-33 5.661909595806909238e+03
7.093341204987931666e-33 5.744276828317219952e+03
6.931717276155400245e-33 5.827842306909764375e+03
6.773775997517800765e-33 5.912623463196966441e+03
6.619433458774388052e-33 5.998637982379633286e+03
6.468607661546268147e-33 6.085903806935623834e+03
6.321218475812448481e-33 6.174439140363095248e+03
6.177187597338538320e-33 6.264262450977434128e+03
6.036438506075864137e-33 6.355392475764015217e+03
5.898896425508445023e-33 6.447848224286193727e+03
5.764488282925873319e-33 6.541648982651178812e+03
5.633142670601397795e-33 6.636814317532768655e+03
5.504789807854967862e-33 6.733364080253250904e+03
5.379361503980653824e-33 6.831318410923809097e+03
5.256791122018419250e-33 6.930697742646257211e+03
5.137013543351380610e-33 7.031522805775020061e+03
5.019965133110079362e-33 7.133814632241790605e+03
4.905583706365005622e-33 7.237594559942179330e+03
4.793808495089106616e-33 7.342884237187337931e+03
4.684580115873083876e-33 7.449705627219408598e+03
4.577840538376616411e-33 7.558081012793381888e+03
4.473533054498426715e-33 7.668033000824628289e+03
4.371602248248502002e-33 7.779584527105273992e+03
4.271993966306811417e-33 7.892758861088196682e+03
4.174655289253134365e-33 8.007579610741373472e+03
4.079534503452415310e-33 8.124070727471820646e+03
3.986581073580438753e-33 8.242256511122457596e+03
3.895745615775532934e-33 8.362161615040620745e+03
3.806979871402283794e-33 8.483811051221115122e+03
3.720236681413035479e-33 8.607230195523063230e+03
3.635469961293317649e-33 8.732444792963586224e+03
3.552634676578168498e-33 8.859480963088475619e+03
3.471686818926559780e-33 8.988365205420390339e+03
3.392583382740963881e-33 9.119124404986334412e+03
3.315282342319423210e-33 9.251785837926090608e+03
3.239742629528221808e-33 9.386377177182292144e+03
3.165924111983520462e-33 9.522926498272656318e+03
3.093787571730111353e-33 9.661462285146171780e+03
3.023294684405776322e-33 9.802013436125103908e+03
2.954407998880404108e-33 9.944609269933454925e+03
2.887090917359234672e-33 1.008927953181248813e+04
2.821307675939447516e-33 1.023605439972520617e+04
2.757023325609582561e-33 1.038496449065173510e+04
2.694203713681904435e-33 1.053604086697639832e+04
2.632815465648020126e-33 1.068931504296652383e+04
2.572825967447911165e-33 1.084481899134677042e+04
2.514203348142796692e-33 1.100258514996805934e+04
2.456916462982810311e-33 1.116264642857493527e+04
2.400934876860651880e-33 1.132503621566959555e+04
2.346228848142243324e-33 1.148978838547720989e+04
2.292769312865648842e-33 1.165693730501147184e+04
2.240527869300036432e-33 1.182651784124442565e+04
2.189476762856620563e-33 1.199856536837872954e+04
2.139588871343403975e-33 1.217311577522721018e+04
2.090837690555750097e-33 1.235020547269862072e+04
2.043197320195287297e-33 1.252987140139388794e+04
1.996642450109793265e-33 1.271215103931086014e+04
1.951148346846600431e-33 1.289708240966275298e+04
1.906690840512251809e-33 1.308470408880910327e+04
1.863246311931574907e-33 1.327505521430377667e+04
1.820791680099462468e-33 1.346817549305794637e+04
1.779304389918562907e-33 1.366410520962352530e+04
1.738762400216250629e-33 1.386288523459577482e+04
1.699144172034639832e-33 1.406455703313997583e+04
1.660428657187529590e-33 1.426916267363985935e+04
1.622595287078073922e-33 1.447674483647367560e+04
1.585623961771137177e-33 1.468734682291667013e+04
1.549495039314644346e-33 1.490101256417422883e+04
1.514189325304352077e-33 1.511778663054599747e+04
1.479688062686384218e-33 1.533771424072206173e+04
1.445972921792019581e-33 1.556084127121670645e+04
1.413025990599545135e-33 1.578721426593744218e+04
1.380829765218092363e-33 1.601688044589474521e+04
1.349367140588295472e-33 1.624988771905098292e+04
1.318621401394748544e-33 1.648628469031523491e+04
1.288576213185528489e-33 1.672612067168139038e+04
1.259215613694150880e-33 1.696944569251538269e+04
1.230524004359251543e-33 1.721631050998983119e+04
1.202486142037412290e-33 1.746676661967328982e+04
1.175087130904817104e-33 1.772086626627128135e+04
1.148312414543511094e-33 1.797866245452533985e+04
1.122147768207971072e-33 1.824020896026822811e+04
1.096579291267809892e-33 1.850556034164295852e+04
1.071593399822679854e-33 1.877477195048263093e+04
1.047176819485520278e-33 1.904789994385764294e+04
1.023316578330236457e-33 1.932500129578842461e+04
1.000000000000000056e-33 1.960613380913165383e+04
