9.999999999999999604e-24 1.160092017791349711e-02
9.772146969725724738e-24 1.177401580580378707e-02
9.549485639791965794e-24 1.194969416816132543e-02
9.331897715733238896e-24 1.212799380158811197e-02
9.119267598459297506e-24 1.230895381768517920e-02
8.911482322840201665e-24 1.249261391163201951e-02
8.708431497690723643e-24 1.267901437089402270e-02
8.510007247122245829e-24 1.286819608406009410e-02
8.316104153230962074e-24 1.306020054981161908e-02
8.126619200091945995e-24 1.325506988602577138e-02
7.941451719029340346e-24 1.345284683901439189e-02
7.760503335133571050e-24 1.365357479290071202e-02
7.583677914997190344e-24 1.385729777913626524e-02
7.410881515641569167e-24 1.406406048615925150e-02
7.242022334607315734e-24 1.427390826919755148e-02
7.077010661181889384e-24 1.448688716021774743e-02
6.915758828738525318e-24 1.470304387802258243e-02
6.758181168161110409e-24 1.492242583849938062e-02
6.604193962330304856e-24 1.514508116502078297e-02
6.453715401646701858e-24 1.537105869900127347e-02
6.306665540567405945e-24 1.560040801061091456e-02
6.162966255132942524e-24 1.583317940964894255e-02
6.022541201461927680e-24 1.606942395657991532e-02
5.885315775191450364e-24 1.630919347373389894e-02
5.751217071841613552e-24 1.655254055667440896e-02
5.620173848083187866e-24 1.679951858573558096e-02
5.492116483887788896e-24 1.705018173773188359e-02
5.366976945540475783e-24 1.730458499784188336e-02
5.244688749495119009e-24 1.756278417166999561e-02
5.125186927053332750e-24 1.782483589748787636e-02
5.008407989848212386e-24 1.809079765865844250e-02
4.894289896114532080e-24 1.836072779624566345e-02
4.782772017727484994e-24 1.863468552181173424e-02
4.673795107992463720e-24 1.891273093040596320e-02
4.567301270168746670e-24 1.919492501374706755e-02
4.463233926710397639e-24 1.948132967360217613e-02
4.361537789208005389e-24 1.977200773536583536e-02
4.262158829015325017e-24 2.006702296184085382e-02
4.165044248545184823e-24 2.036644006722554065e-02
4.070142453219438979e-24 2.067032473130926695e-02
3.977403024058036467e-24 2.097874361387980918e-02
3.886776690892667640e-24 2.129176436934612782e-02
3.798215306190736261e-24 2.160945566157842709e-02
3.711671819475767098e-24 2.193188717897052997e-02
3.627100252330648591e-24 2.225912964972647651e-02
3.544455673970435593e-24 2.259125485737572062e-02
3.463694177371733998e-24 2.292833565651896527e-02
3.384772855945982922e-24 2.327044598880981252e-02
3.307649780744242543e-24 2.361766089917442454e-02
3.232283978181380723e-24 2.397005655227319246e-02
3.158635408267818998e-24 2.432771024920854161e-02
3.086664943337274359e-24 2.469070044448099313e-02
3.016334347259197398e-24 2.505910676319926880e-02
2.947606255124858643e-24 2.543301001854665275e-02
2.880444153396297907e-24 2.581249222950796757e-02
2.814812360507581092e-24 2.619763663886160235e-02
2.750676007908067484e-24 2.658852773143890319e-02
2.688001021537607666e-24 2.698525125265710187e-02
2.626754103723838313e-24 2.738789422732821124e-02
2.566902715491951711e-24 2.779654497874859201e-02
2.508415059277541183e-24 2.821129314807388835e-02
2.451260062033339982e-24 2.863222971398193123e-02
2.395407358720879479e-24 2.905944701263017335e-02
2.340827276178294161e-24 2.949303875791020255e-02
2.287490817355704076e-24 2.993310006200519680e-02
2.235369645909796390e-24 3.037972745625289878e-02
2.184436071149428299e-24 3.083301891232110431e-02
2.134663033324245433e-24 3.129307386369848537e-02
2.086024089248504962e-24 3.175999322750608367e-02
2.038493398252464167e-24 3.223387942663488714e-02
1.992045708453871177e-24 3.271483641221241412e-02
1.946656343342263211e-24 3.320296968640584767e-02
1.902301188668945870e-24 3.369838632556472480e-02
1.858956679635688327e-24 3.420119500370893267e-02
1.816599788375328659e-24 3.471150601636789623e-02
1.775208011717636027e-24 3.522943130477403789e-02
1.734759359233932522e-24 3.575508448041860715e-02
1.695232341554121503e-24 3.628858084997325234e-02
1.656605958949915079e-24 3.683003744058341300e-02
1.618859690178199226e-24 3.737957302553983341e-02
1.581973481578601579e-24 3.793730815033165976e-02
1.545927736419478458e-24 3.850336515908973217e-02
1.510703304486655635e-24 3.907786822142372829e-02
1.476281471909391007e-24 3.966094335965969497e-02
1.442643951218158727e-24 4.025271847648479590e-02
1.409772871628967618e-24 4.085332338300293881e-02
1.377650769549054937e-24 4.146288982721062222e-02
1.346260579298910947e-24 4.208155152289671380e-02
1.315585624045705132e-24 4.270944417897440393e-02
1.285609606943296546e-24 4.334670552924916459e-02
1.256316602474121539e-24 4.399347536263254616e-02
1.227691047988360474e-24 4.464989555380591280e-02
1.199717735435885523e-24 4.531611009434177717e-02
1.172381803286599793e-24 4.599226512429031855e-02
1.145668728634872645e-24 4.667850896423542117e-02
1.119564319483879473e-24 4.737499214783080087e-02
1.094054707205743624e-24 4.808186745482075780e-02
1.069126339173477203e-24 4.879928994455352831e-02
1.044765971560805237e-24 4.952741698999574976e-02
1.020960662306047528e-24 5.026640831225237527e-02
9.976977642363212160e-25 5.101642601560375800e-02
9.749649183484095637e-25 5.177763462306442938e-02
9.527500472427300580e-25 5.255020111247245274e-02
9.310413487069084147e-25 5.333429495311837326e-02
9.098272894455567132e-25 5.413008814291850324e-02
8.890965989529167059e-25 5.493775524614505357e-02
8.688382635251193478e-25 5.575747343171788550e-02
8.490415204088755051e-25 5.658942251206901947e-02
8.296958520834916019e-25 5.743378498258469578e-02
8.107909806731694372e-25 5.829074606163826833e-02
7.923168624866261835e-25 5.916049373121927413e-02
7.742636826811277888e-25 6.004321877816867770e-02
7.566218500481062388e-25 6.093911483603064311e-02
7.393819919175873397e-25 6.184837842752630155e-02
7.225349491787221692e-25 6.277120900766372524e-02
7.060717714137779777e-25 6.370780900748990172e-02
6.899837121430025420e-25 6.465838387849547064e-02
6.742622241778349368e-25 6.562314213768347115e-02
6.588989550799956527e-25 6.660229541330769942e-02
6.438857427240426255e-25 6.759605849129636523e-02
6.292146109610350239e-25 6.860464936236702893e-02
6.148777653810029397e-25 6.962828926984442057e-02
6.008675891719693372e-25 7.066720275819336761e-02
5.871766390733261784e-25 7.172161772227282628e-02
5.737976414214139384e-25 7.279176545732779502e-02
5.607234882852038637e-25 7.387788070972568788e-02
5.479472336900292581e-25 7.498020172844972742e-02
5.354620899273613018e-25 7.609897031736218009e-02
5.232614239486666956e-25 7.723443188824431760e-02
5.113387538414330952e-25 7.838683551463093702e-02
4.996877453854888907e-25 7.955643398644614284e-02
4.883022086877885202e-25 8.074348386545641965e-02
4.771760948938750961e-25 8.194824554154772622e-02
4.663034929742736329e-25 8.317098328984563749e-02
4.556786265841068284e-25 8.441196532868611158e-02
4.452958509942660332e-25 8.567146387845117617e-02
4.351496500925053992e-25 8.694975522128430001e-02
4.252346334528686172e-25 8.824711976169322125e-02
4.155455334718879575e-25 8.956384208806056346e-02
4.060772025700369767e-25 9.090021103507044120e-02
3.968246104569486047e-25 9.225651974706652880e-02
3.877828414589461406e-25 9.363306574235739921e-02
3.789470919074671521e-25 9.503015097847750114e-02
3.703126675869931034e-25 9.644808191842571543e-02
3.618749812411283922e-25 9.788716959789039995e-02
3.536295501355046667e-25 9.934772969347736848e-02
3.455719936762143013e-25 1.008300825919579563e-01
3.376980310825094677e-25 1.023345534605463042e-01
3.300034791125288575e-25 1.038614723182292449e-01
3.224842498408445586e-25 1.054111741081580483e-01
3.151363484866482633e-25 1.069839987711229401e-01
3.079558712914229883e-25 1.085802913201194542e-01
3.009390034449724275e-25 1.102004019160318787e-01
2.940820170587066939e-25 1.118446859444436614e-01
2.873812691851069426e-25 1.135135040935939393e-01
2.808331998823175447e-25 1.152072224334995398e-01
2.744343303228368386e-25 1.169262124962529154e-01
2.681812609453018269e-25 1.186708513575228108e-01
2.620706696483855085e-25 1.204415217192687099e-01
2.560993100258462021e-25 1.222386119936893639e-01
2.502640096417921841e-25 1.240625163884264970e-01
2.445616683452448938e-25 1.259136349930346510e-01
2.389892566231052635e-25 1.277923738667464948e-01
2.335438139906481649e-25 1.296991451275448515e-01
2.282224474186900746e-25 1.316343670425640100e-01
2.230223297965940737e-25 1.335984641198424139e-01
2.179406984302958082e-25 1.355918672014390092e-01
2.129748535745523138e-25 1.376150135579444767e-01
2.081221569986341612e-25 1.396683469843997827e-01
2.033800305846984101e-25 1.417523178976460574e-01
1.987459549580985734e-25 1.438673834351297254e-01
1.942174681489028324e-25 1.460140075551762673e-01
1.897921642839103370e-25 1.481926611387658355e-01
1.854676923084701230e-25 1.504038220928239911e-01
1.812417547374239569e-25 1.526479754550572332e-01
1.771121064345090480e-25 1.549256135003466983e-01
1.730765534195727720e-25 1.572372358487353905e-01
1.691329517029650549e-25 1.595833495750237085e-01
1.652792061464897186e-25 1.619644693200000540e-01
1.615132693503092969e-25 1.643811174033345257e-01
1.578331405652119677e-25 1.668338239381503829e-01
1.542368646296630489e-25 1.693231269473116918e-01
1.507225309310758569e-25 1.718495724814427250e-01
1.472882723907504778e-25 1.744137147387083420e-01
1.439322644719409410e-25 1.770161161863849641e-01
1.406527242105239347e-25 1.796573476842386052e-01
1.374479092677539357e-25 1.823379886097508951e-01
1.343161170046018158e-25 1.850586269852097232e-01
1.312556835771845486e-25 1.878198596066965598e-01
1.282649830528062460e-25 1.906222921750019839e-01
1.253424265461402112e-25 1.934665394284860174e-01
1.224864613750933125e-25 1.963532252779328080e-01
1.196955702359045220e-25 1.992829829434053235e-01
1.169682703970387130e-25 2.022564550931509886e-01
1.143031129114481077e-25 2.052742939845758341e-01
1.116986818467824906e-25 2.083371616073230459e-01
1.091535935331393358e-25 2.114457298284860287e-01
1.066664958279540887e-25 2.146006805399885975e-01
1.042360673976403229e-25 2.178027058081638268e-01
1.018610170155977387e-25 2.210525080255651142e-01
9.954008287621539061e-26 2.243508000650401846e-01
9.727203192450556821e-26 2.276983054361134684e-01
9.505565920101210223e-26 2.310957584436833245e-01
9.288978720164516366e-26 2.345439043491056030e-01
9.077326525210242137e-26 2.380434995336715431e-01
8.870496889654420501e-26 2.415953116645265797e-01
8.668379930019792023e-26 2.452001198630650580e-01
8.470868266557419480e-26 2.488587148758373002e-01
8.277856966198489128e-26 2.525718992480069369e-01
8.089243486805955022e-26 2.563404874993940319e-01
7.904927622696437001e-26 2.601653063031558188e-01
7.724811451403415451e-26 2.640471946671120174e-01
7.548799281653446692e-26 2.679870041177970230e-01
7.376797602527746189e-26 2.719855988872477703e-01
7.208715033782150269e-26 2.760438561025805870e-01
7.044462277299051345e-26 2.801626659783968409e-01
6.883952069645510064e-26 2.843429320120593462e-01
6.727099135712350446e-26 2.885855711818824387e-01
6.573820143409598563e-26 2.928915141482794637e-01
6.424033659394203849e-26 2.972617054579086981e-01
6.277660105806512496e-26 3.016971037508778819e-01
6.134621717992519137e-26 3.061986819710158514e-01
5.994842503189421224e-26 3.107674275793059770e-01
5.858248200152548083e-26 3.154043427704921188e-01
5.724766239702190070e-26 3.201104446929188829e-01
5.594325706169389314e-26 3.248867656716519225e-01
5.466857299720192095e-26 3.297343534349279626e-01
5.342293299538363361e-26 3.346542713439829009e-01
5.220567527846986365e-26 3.396475986263068902e-01
5.101615314749843906e-26 3.447154306123933476e-01
4.985373463873903568e-26 3.498588789759931039e-01
4.871780218794640868e-26 3.550790719779805538e-01
4.760775230226377913e-26 3.603771547138451825e-01
4.652299523960198588e-26 3.657542893648781379e-01
4.546295469532408798e-26 3.712116554531072476e-01
4.442706749606891992e-26 3.767504501000353279e-01
4.341478330055101073e-26 3.823718882892395698e-01
4.242556430717785944e-26 3.880772031328888483e-01
4.145888496832919853e-26 3.938676461422345176e-01
4.051423171114655606e-26 3.997444875021533561e-01
3.959110266468467009e-26 4.057090163497548141e-01
3.868900739327983336e-26 4.117625410571769673e-01
3.780746663599356924e-26 4.179063895185868849e-01
3.694601205199309946e-26 4.241419094414655144e-01
3.610418597173344465e-26 4.304704686422393123e-01
3.528154115380890322e-26 4.368934553463231785e-01
3.447764054734471309e-26 4.434122784926395333e-01
3.369205705980273740e-26 4.500283680426782063e-01
3.292437333007775293e-26 4.567431752941855105e-01
3.217418150676377854e-26 4.635581731994976584e-01
3.144108303147271042e-26 4.704748566886600147e-01
3.072468842709009680e-26 4.774947429973500079e-01
3.002461709085555354e-26 4.846193719996958471e-01
2.934049709215792804e-26 4.918503065460618218e-01
2.867196497493775813e-26 4.991891328058730704e-01
2.801866556459201205e-26 5.066374606155560345e-01
2.738025177927863273e-26 5.141969238316703716e-01
2.675638444552050988e-26 5.218691806893054341e-01
2.614673211801097208e-26 5.296559141658457870e-01
2.555097090352512334e-26 5.375588323501219179e-01
2.496878428884331748e-26 5.455796688171112852e-01
2.439986297259555192e-26 5.537201830082092435e-01
2.384390470093725271e-26 5.619821606171783168e-01
2.330061410696929317e-26 5.703674139818554201e-01
2.276970255381684779e-26 5.788777824817044060e-01
2.225088798128374059e-26 5.875151329413003110e-01
2.174389475600084430e-26 5.962813600398290115e-01
2.124845352498887158e-26 6.051783867267208628e-01
2.076430107255779092e-26 6.142081646434381925e-01
2.029118018046682165e-26 6.233726745516038337e-01
1.982883949127075331e-26 6.326739267674945655e-01
1.937703337477992746e-26 6.421139616030210329e-01
1.893552179756299056e-26 6.516948498132886236e-01
1.850407019542305934e-26 6.614186930508360041e-01
1.808244934877955543e-26 6.712876243266507892e-01
1.767043526088950178e-26 6.813038084780645987e-01
1.726780903884359411e-26 6.914694426436238661e-01
1.687435677727379287e-26 7.017867567450736255e-01
1.648986944471068207e-26 7.122580139764772555e-01
1.611414277253023045e-26 7.228855113006901201e-01
1.574697714643089881e-26 7.336715799532137483e-01
1.538817750038349570e-26 7.446185859535721097e-01
1.503755321299741431e-26 7.557289306243196725e-01
1.469491800624820109e-26 7.670050511177922692e-01
1.436008984651263473e-26 7.784494209507181184e-01
1.403289084785875967e-26 7.900645505468059104e-01
1.371314717753948371e-26 8.018529877874212008e-01
1.340068896363953426e-26 8.138173185705134260e-01
1.309535020482670456e-26 8.259601673778164121e-01
1.279696868215944145e-26 8.382841978505772840e-01
1.250538587290393886e-26 8.507921133738431951e-01
1.222044686631491228e-26 8.634866576694734119e-01
1.194200028133534923e-26 8.763706153979980984e-01
1.166989818617149880e-26 8.894468127694588055e-01
1.140399601970035404e-26 9.027181181633624485e-01
1.114415251466790481e-26 9.161874427578782232e-01
1.089022962263732763e-26 9.298577411684600946e-01
1.064209244064726861e-26 9.437320120959232783e-01
1.039960913954122399e-26 9.578132989842652600e-01
1.016265089392997235e-26 9.721046906882651051e-01
9.931091813749820902e-27 9.866093221510506828e-01
9.704808877380325998e-27 1.001330375091776359e+00
9.483681866285946295e-27 1.016271078703560926e+00
9.267593301146901725e-27 1.031434710361840645e+00
9.056428379445312271e-27 1.046824596343288949e+00
8.850074914473456756e-27 1.062444112555457121e+00
8.648423275731743755e-27 1.078296685277344125e+00
8.451366330684738648e-27 1.094385791910928551e+00
8.258799387844289647e-27 1.110714961744002860e+00
8.070620141149524567e-27 1.127287776724344326e+00
7.886728615614171697e-27 1.144107872245447854e+00
7.707027114212319653e-27 1.161178937943981415e+00
7.531420165974391138e-27 1.178504718509139959e+00
7.359814475265785695e-27 1.196089014504076564e+00
7.192118872221207614e-27 1.213935683199580007e+00
7.028244264308366676e-27 1.232048639420239899e+00
6.868103588995322025e-27 1.250431856403139586e+00
6.711611767496300483e-27 1.269089366669459817e+00
6.558685659571449161e-27 1.288025262909038293e+00
6.409244019356470063e-27 1.307243698878137073e+00
6.263207452198705005e-27 1.326748890310606388e+00
6.120498372476715562e-27 1.346545115842642470e+00
5.981040962380956632e-27 1.366636717951344338e+00
5.844761131633649478e-27 1.387028103907275156e+00
5.711586478126446510e-27 1.407723746741223358e+00
5.581446249454978032e-27 1.428728186225448615e+00
5.454271305329847544e-27 1.450046029869451303e+00
5.329994080844104257e-27 1.471681953930717324e+00
5.208548550577676333e-27 1.493640704440483580e+00
5.089870193519695363e-27 1.515927098244823412e+00
4.973895958790078083e-27 1.538546024061263173e+00
4.860564232142148891e-27 1.561502443551166630e+00
4.749814803228514353e-27 1.584801392408118348e+00
4.641588833612791882e-27 1.608447981462535203e+00
4.535828825510200166e-27 1.632447397802823996e+00
4.432478591240409915e-27 1.656804905913137560e+00
4.331483223376411530e-27 1.681525848828237191e+00
4.232789065573561654e-27 1.706615649305522009e+00
4.136343684063286266e-27 1.732079811014558546e+00
4.042095839796318290e-27 1.757923919744359909e+00
3.949995461220654811e-27 1.784153644628676982e+00
3.859993617679779118e-27 1.810774739389573895e+00
3.772042493417009219e-27 1.837793043599557308e+00
3.686095362172169530e-27 1.865214483962523095e+00
3.602106562357080876e-27 1.893045075613892791e+00
3.520031472796689717e-27 1.921290923439994636e+00
3.439826489022935137e-27 1.949958223417285419e+00
3.361449000108775709e-27 1.979053263971477961e+00
3.284857366030053803e-27 2.008582427356961908e+00
3.210010895543181567e-27 2.038552191056808738e+00
3.136869824566886129e-27 2.068969129203664270e+00
3.065395295056535999e-27 2.099839914021842890e+00
2.995549334359822508e-27 2.131171317290921685e+00
2.927294835042824815e-27 2.162970211831259704e+00
2.860595535175750669e-27 2.195243573011507632e+00
2.795415999067865032e-27 2.227998480278785998e+00
2.731721598441384483e-27 2.261242118711606963e+00
2.669478494034329127e-27 2.294981780595985121e+00
2.608653617622555826e-27 2.329224867025065038e+00
2.549214654451430844e-27 2.363978889522615479e+00
2.491130026067796192e-27 2.399251471690749593e+00
2.434368873543117890e-27 2.435050350882229875e+00
2.378901041078900544e-27 2.471383379897702071e+00
2.324697059985655011e-27 2.508258528708361190e+00
2.271728133026912157e-27 2.545683886204110902e+00
2.219966119119961554e-27 2.583667661968015228e+00
2.169383518385190910e-27 2.622218188077121592e+00
2.119953457536077429e-27 2.661343920930177909e+00
2.071649675602075311e-27 2.701053443102615859e+00
2.024446509976810051e-27 2.741355465229217359e+00
1.978318882784170279e-27 2.782258827914866561e+00
1.933242287555051097e-27 2.823772503673816381e+00
1.889192776207672206e-27 2.865905598897865225e+00
1.846146946324553388e-27 2.908667355854017256e+00
1.804081928719388455e-27 2.952067154711717212e+00
1.762975375287211264e-27 2.996114515600564854e+00
1.722805447131399109e-27 3.040819100698616051e+00
1.683550802961207708e-27 3.086190716351869145e+00
1.645190587753667576e-27 3.132239315225371357e+00
1.607704421673828535e-27 3.178974998486425729e+00
1.571072389247455346e-27 3.226408018020369362e+00
1.535275028780427373e-27 3.274548778679390981e+00
1.500293322019222940e-27 3.323407840565030913e+00
1.466108684046988985e-27 3.372995921344476677e+00
1.432702953409835316e-27 3.423323898601680959e+00
1.400058382468101801e-27 3.474402812223430725e+00
1.368157627967476134e-27 3.526243866821043849e+00
1.336983741824950718e-27 3.578858434188201265e+00
1.306520162124725343e-27 3.632258055795446250e+00
1.276750704319269651e-27 3.686454445321913465e+00
1.247659552630873612e-27 3.741459491224822909e+00
1.219231251649114496e-27 3.797285259347291664e+00
1.191450698119779696e-27 3.853943995565202840e+00
1.164303132920880334e-27 3.911448128473264507e+00
1.137774133221494813e-27 3.969810272111454985e+00
1.111849604819274384e-27 4.029043228731990389e+00
1.086515774652541617e-27 4.089159991607615119e+00
1.061759183483003446e-27 4.150173747881789943e+00
1.037566678745189038e-27 4.212097881461406956e+00
1.013925407558818372e-27 4.274945975952671340e+00
9.908228099003828853e-28 4.338731817640747224e+00
9.682466119303074753e-28 4.403469398514078037e+00
9.461848194722030221e-28 4.469172919333264105e+00
9.246257116405695548e-28 4.535856792746661981e+00
9.035578346138958160e-28 4.603535646451343943e+00
8.829699955494046754e-28 4.672224326402403705e+00
8.628512566366921976e-28 4.741937900068948331e+00
8.431909292866215627e-28 4.812691659739852135e+00
8.239785684528545279e-28 4.884501125877830141e+00
8.052039670825436845e-28 4.957382050524183903e+00
7.868571506936875674e-28 5.031350420754073127e+00
7.689283720758273834e-28 5.106422462183623168e+00
7.514081061116992486e-28 5.182614642528706739e+00
7.342870447166728039e-28 5.259943675217906289e+00
7.175560918936950285e-28 5.338426523058076967e+00
7.012063589007148692e-28 5.418080401955973180e+00
6.852291595284085785e-28 5.498922784694016741e+00
6.696160054853187714e-28 5.580971404763764632e+00
6.543586018883255698e-28 5.664244260255419050e+00
6.394488428556910884e-28 5.748759617806090461e+00
6.248788072006913230e-28 5.834536016606652886e+00
6.106407542232011777e-28 5.921592272468722662e+00
5.967271195973335017e-28 6.009947481951538606e+00
5.831305113526194846e-28 6.099621026551691472e+00
5.698437059469159423e-28 6.190632576953840172e+00
5.568596444286385854e-28 6.283002097346397363e+00
5.441714286865910160e-28 6.376749849800297021e+00
5.317723177850944612e-28 6.471896398713912646e+00
5.196557243827678949e-28 6.568462615323989340e+00
5.078152112327649894e-28 6.666469682283931775e+00
4.962444877628933300e-28 6.765939098310354005e+00
4.849374067335213445e-28 6.866892682899288225e+00
4.738879609717670781e-28 6.969352581111874834e+00
4.630902801799718397e-28 7.073341268432914219e+00
4.525386278170184998e-28 7.178881555700157513e+00
4.422273980505878658e-28 7.285996594108928193e+00
4.321511127789779350e-28 7.394709880289902060e+00
4.223044187206654574e-28 7.505045261463593853e+00
4.126820845702968484e-28 7.617026940671335566e+00
4.032789982193688679e-28 7.730679482084735099e+00
3.940901640403463722e-28 7.846027816393362109e+00
3.851107002325553117e-28 7.963097246274457142e+00
3.763358362286548240e-28 8.081913451942277504e+00
3.677609101601015723e-28 8.202502496782313912e+00
3.593813663804640332e-28 8.324890833067476237e+00
3.511927530450713147e-28 8.449105307761628936e+00
3.431907197459056885e-28 8.575173168407975055e+00
3.353710152002915315e-28 8.703122069106377978e+00
3.277294849923395439e-28 8.832980076579397988e+00
3.202620693657636909e-28 8.964775676329329812e+00
3.129648010670763252e-28 9.098537778885964045e+00
3.058338032378418957e-28 9.234295726149451156e+00
2.988652873550394960e-28 9.372079297825530730e+00
2.920555512182733099e-28 9.511918717959169101e+00
2.854009769829249289e-28 9.653844661563256935e+00
2.788980292380428305e-28 9.797888261348600025e+00
2.725432531281038873e-28 9.944081114552295375e+00
2.663332725174969914e-28 1.009245528986926210e+01
2.602647881969015124e-28 1.024304333448662696e+01
2.543345761304637632e-28 1.039587828122365210e+01
2.485394857429808744e-28 1.055099365577686044e+01
2.428764382460440388e-28 1.070842348407546041e+01
2.373424250023876093e-28 1.086820229974385832e+01
2.319345059274417967e-28 1.103036515167831411e+01
2.266498079273702021e-28 1.119494761173380581e+01
2.214855233726350410e-28 1.136198578252837699e+01
2.164389086064029073e-28 1.153151630536157235e+01
2.115072824868785957e-28 1.170357636825248271e+01
2.066880249629090691e-28 1.187820371409707931e+01
2.019785756819870147e-28 1.205543664894793388e+01
1.973764326300263438e-28 1.223531405041592635e+01
1.928791508020769934e-28 1.241787537619985216e+01
1.884843409033803063e-28 1.260316067274024121e+01
1.841896680799703292e-28 1.279121058400539646e+01
1.799928506782483811e-28 1.298206636040590034e+01
1.758916590327725297e-28 1.317576986784376025e+01
1.718839142817152696e-28 1.337236359689596732e+01
1.679674872092646276e-28 1.357189067213517752e+01
1.641402971144473214e-28 1.377439486158935189e+01
1.604003107056813287e-28 1.397992058634323165e+01
1.567455410205601457e-28 1.418851293028124694e+01
1.531740463702073462e-28 1.440021764997877440e+01
1.496839293077261652e-28 1.461508118473740403e+01
1.462733356201124012e-28 1.483315066677356064e+01
1.429404533431766843e-28 1.505447393155607472e+01
1.396835117988733946e-28 1.527909952829990914e+01
1.365007806546019408e-28 1.550707673061561742e+01
1.333905690039053276e-28 1.573845554731857099e+01
1.303512244681514308e-28 1.597328673339744398e+01
1.273811323186473333e-28 1.621162180114968621e+01
1.244787146187911309e-28 1.645351303147912958e+01
1.216424293857362924e-28 1.669901348536636121e+01
1.188707697711908057e-28 1.694817701550600120e+01
1.161622632608497155e-28 1.720105827812177779e+01
1.135154708921003683e-28 1.745771274495436387e+01
1.109289864895218159e-28 1.771819671543027397e+01
1.084014359178335467e-28 1.798256732901136346e+01
1.059314763518365637e-28 1.825088257772959466e+01
1.035177955630180535e-28 1.852320131890650146e+01
1.011591112223825533e-28 1.879958328806627321e+01
9.885417021919614059e-29 1.908008911203686608e+01
9.660174799522605742e-29 1.936478032225149093e+01
9.440064789417641871e-29 1.965371936824358201e+01
9.224970052592136361e-29 1.994696963134801138e+01
9.014776314524954919e-29 2.024459543860260879e+01
8.809371904473955077e-29 2.054666207685966839e+01
8.608647696149280371e-29 2.085323580710684155e+01
8.412497049736083639e-29 2.116438387900294771e+01
8.220815755240574940e-29 2.148017454562789652e+01
8.033501977124701281e-29 2.180067707845717706e+01
7.850456200204540863e-29 2.212596178255438772e+01
7.671581176779270535e-29 2.245610001199591466e+01
7.496781874966907958e-29 2.279116418552113643e+01
7.325965428215200587e-29 2.313122780241899079e+01
7.159041085964917858e-29 2.347636545865052327e+01
6.995920165435345775e-29 2.382665286321216769e+01
6.836516004510266025e-29 2.418216685474299510e+01
6.680743915695587630e-29 2.454298541838092262e+01
6.528521141127873964e-29 2.490918770286726769e+01
6.379766808606255979e-29 2.528085403791173391e+01
6.234401888627889254e-29 2.565806595181018324e+01
6.092349152400686676e-29 2.604090618933167534e+01
5.953533130814394660e-29 2.642945872986699385e+01
5.817880074344911727e-29 2.682380880585130356e+01
5.685317913873777168e-29 2.722404292146020310e+01
5.555776222398855264e-29 2.763024887158629284e+01
5.429186177618964524e-29 2.804251576109531641e+01
5.305480525369552463e-29 2.846093402437546160e+01
5.184593543892934429e-29 2.888559544517131528e+01
5.066461008921247419e-29 2.931659317672110987e+01
4.951020159556371661e-29 2.975402176218699424e+01
4.838209664925937243e-29 3.019797715539743521e+01
4.727969591600410134e-29 3.064855674189293921e+01
4.620241371751294134e-29 3.110585936028960674e+01
4.514967772036120195e-29 3.156998532395978074e+01
4.412092863191172179e-29 3.204103644303794596e+01
4.311561990318246043e-29 3.251911604675083822e+01
4.213321743847271524e-29 3.300432900608753783e+01
4.117319931161695871e-29 3.349678175679962067e+01
4.023505548869276505e-29 3.399658232275307768e+01
3.931828755705786378e-29 3.450384033961994845e+01
3.842240846055045160e-29 3.501866707893199049e+01
3.754694224073352302e-29 3.554117547248604581e+01
3.669142378402478918e-29 3.607148013711801582e+01
3.585539857459831512e-29 3.660969739984447813e+01
3.503842245290661395e-29 3.715594532338157308e+01
3.424006137971439532e-29 3.771034373203978873e+01
3.345989120549961218e-29 3.827301423801301183e+01
3.269749744511781252e-29 3.884408026805034098e+01
3.195247505759200381e-29 3.942366709053582241e+01
3.122442823092870579e-29 4.001190184296211783e+01
3.051297017182858209e-29 4.060891355982402473e+01
2.981772290019685517e-29 4.121483320091981284e+01
2.913831704832776928e-29 4.182979368007999454e+01
2.847439166467259409e-29 4.245392989432252762e+01
2.782559402207114514e-29 4.308737875344534984e+01
2.719157943036029924e-29 4.373027921005495955e+01
2.657201105324495717e-29 4.438277229005215929e+01
2.596655972934883301e-29 4.504500112356164010e+01
2.537490379733561197e-29 4.571711097633421161e+01
2.479672892502170128e-29 4.639924928160821338e+01
2.423172794237590837e-29 4.709156567245202751e+01
2.367960067833088352e-29 4.779421201458712432e+01
2.314005380130644511e-29 4.850734243970111237e+01
2.261280066337288702e-29 4.923111337925749353e+01
2.209756114795894051e-29 4.996568359881229782e+01
2.159406152103576349e-29 5.071121423283629071e+01
2.110203428568587826e-29 5.146786882006730934e+01
2.062121803999153033e-29 5.223581333937736559e+01
2.015135733815550368e-29 5.301521624618783335e+01
1.969220255479181607e-29 5.380624850941700998e+01
1.924350975230324502e-29 5.460908364898575940e+01
1.880504055128591079e-29 5.542389777387977290e+01
1.837656200388164753e-29 5.625086962078290753e+01
1.795784647002104022e-29 5.709018059327964068e+01
1.754867149648144883e-29 5.794201480165442320e+01
1.714881969870547830e-29 5.880655910327049440e+01
1.675807864530761826e-29 5.968400314356621550e+01
1.637624074521695778e-29 6.057453939764781126e+01
1.600310313738695274e-29 6.147836321251779168e+01
1.563846758302254188e-29 6.239567284992062213e+01
1.528214036025864669e-29 6.332666952983568365e+01
1.493393216124259322e-29 6.427155747461561930e+01
1.459365799155751792e-29 6.523054395378692050e+01
1.426113707194135534e-29 6.620383932951060046e+01
1.393619274224137896e-29 6.719165710273487946e+01
1.361865236756088290e-29 6.819421396001993685e+01
1.330834724654070540e-29 6.921172982107874816e+01
1.300511252173415202e-29 7.024442788700959284e+01
1.270878709202054199e-29 7.129253468926555115e+01
1.241921352701789725e-29 7.235628013933997238e+01
1.213623798344236865e-29 7.343589757920247507e+01
1.185971012337675474e-29 7.453162383248333356e+01
1.158948303439806994e-29 7.564369925642593273e+01
1.132541315152817264e-29 7.677236779460447735e+01
1.106736018095969969e-29 7.791787703044447255e+01
1.081518702552293625e-29 7.908047824152230021e+01
1.056875971184800742e-29 8.026042645469468084e+01
1.032794731918956751e-29 8.145798050203407570e+01
1.009262190987044303e-29 8.267340307760898099e+01
9.862658461312871267e-30 8.390696079510752270e+01
9.637934799615756320e-30 8.515892424632156121e+01
9.418331534647999830e-30 8.642956806050266039e+01
9.203731996618192082e-30 8.771917096460802554e+01
8.994022174092089669e-30 8.902801584443385252e+01
8.789090653419926923e-30 9.035638980667961562e+01
8.588828559546293252e-30 9.170458424191583902e+01
8.393129498166338809e-30 9.307289488851419890e+01
8.201889499202245734e-30 9.446162189751224503e+01
8.015006961565380930e-30 9.587106989845783289e+01
7.832382599179236306e-30 9.730154806623085051e+01
7.653919388230123674e-30 9.875337018886739315e+01
7.479522515621859681e-30 1.002268547363831743e+02
7.309099328602887737e-30 1.017223249306447599e+02
7.142559285543162536e-30 1.032401088162582283e+02
6.979813907830638414e-30 1.047805393325417214e+02
6.820776732865719897e-30 1.063439543865453487e+02
6.665363268124893167e-30 1.079306969271867445e+02
6.513490946272835666e-30 1.095411150204705564e+02
6.365079081295552397e-30 1.111755619258440930e+02
6.220048825634743483e-30 1.128343961736861019e+02
6.078323128297211307e-30 1.145179816439582652e+02
5.939826693920386913e-30 1.162266876460151792e+02
5.804485942768960382e-30 1.179608889996297734e+02
5.672228971644572756e-30 1.197209661171980741e+02
5.542985515684652167e-30 1.215073050872014875e+02
5.416686911033179903e-30 1.233202977588830862e+02
5.293266058360545258e-30 1.251603418282179803e+02
5.172657387216045613e-30 1.270278409251405805e+02
5.054796821191224766e-30 1.289232047020893503e+02
4.939621743878345835e-30 1.308468489238655366e+02
4.827070965603168448e-30 1.327991955588404096e+02
4.717084690917041226e-30 1.347806728715056863e+02
4.609604486828419523e-30 1.367917155164335554e+02
4.504573251759481565e-30 1.388327646336044552e+02
4.401935185208860972e-30 1.409042679451926858e+02
4.301635758106816915e-30 1.430066798537603461e+02
4.203621683844700683e-30 1.451404615419515096e+02
4.107840889965667665e-30 1.473060810736442079e+02
4.014242490499309806e-30 1.495040134966301082e+02
3.922776758927739773e-30 1.517347409468179933e+02
3.833395101766589404e-30 1.539987527540008330e+02
3.746050032748981292e-30 1.562965455491821274e+02
3.660695147596891044e-30 1.586286233735286544e+02
3.577285099367862377e-30 1.609954977889303791e+02
3.495775574363264545e-30 1.633976879902156725e+02
3.416123268585518248e-30 1.658357209190469064e+02
3.338285864731750505e-30 1.683101313795016267e+02
3.262222009711659872e-30 1.708214621553918562e+02
3.187891292677636113e-30 1.733702641293272677e+02
3.115254223555478343e-30 1.759570964035561360e+02
3.044272212064293498e-30 1.785825264226093623e+02
2.974907547214431314e-30 1.812471300977743738e+02
2.907123377272569467e-30 1.839514919334265244e+02
2.840883690183295520e-30 1.866962051552450816e+02
2.776153294436792581e-30 1.894818718403411424e+02
2.712897800372458750e-30 1.923091030493347375e+02
2.651083601908530769e-30 1.951785189603869810e+02
2.590677858688000854e-30 1.980907490052480284e+02
2.531648478631347642e-30 2.010464320073267288e+02
2.473964100886806407e-30 2.040462163218223282e+02
2.417594079169123345e-30 2.070907599779468455e+02
2.362508465477940184e-30 2.101807308232696698e+02
2.308677994187162755e-30 2.133168066702157546e+02
2.256074066496854577e-30 2.164996754447480214e+02
2.204668735239402876e-30 2.197300353372770871e+02
2.154434690031877832e-30 2.230085949558049379e+02
2.105345242766699617e-30 2.263360734813713293e+02
2.057374313432907464e-30 2.297132008258108442e+02
2.010496416260492849e-30 2.331407177918653701e+02
1.964686646180440661e-30 2.366193762356859338e+02
1.919920665593278840e-30 2.401499392317587649e+02
1.876174691439115628e-30 2.437331812402926232e+02
1.833425482562285106e-30 2.473698882771033709e+02
1.791650327363895816e-30 2.510608580860315158e+02
1.750827031735719813e-30 2.548069003139425206e+02
1.710933907269009830e-30 2.586088366883176946e+02
1.671949759731984942e-30 2.624675011975157304e+02
1.633853877809856855e-30 2.663837402737131583e+02
1.596626022101422031e-30 2.703584129785768368e+02
1.560246414366364852e-30 2.743923911917067358e+02
1.524695727017569937e-30 2.784865598018903938e+02
1.489955072852850684e-30 2.826418169012111434e+02
1.456005995020645604e-30 2.868590739820501767e+02
1.422830457214348944e-30 2.911392561370397516e+02
1.390410834090066781e-30 2.954833022619765757e+02
1.358729901902706458e-30 2.998921652617861469e+02
1.327770829355426320e-30 3.043668122595485670e+02
1.297517168657584127e-30 3.089082248086454001e+02
1.267952846786431278e-30 3.135173991080723113e+02
1.239062156947913164e-30 3.181953462209639838e+02
1.210829750232037001e-30 3.229430922963798594e+02
1.183240627458375555e-30 3.277616787943987333e+02
1.156280131207373055e-30 3.326521627145700108e+02
1.129933938033219445e-30 3.376156168277861980e+02
1.104188050854157931e-30 3.426531299115888487e+02
1.079028791516181315e-30 3.477658069890121624e+02
1.054442793526166333e-30 3.529547695709769073e+02
1.030416994950585417e-30 3.582211559023037921e+02
1.006938631476024992e-30 3.635661212113973875e+02
9.839952296278206872e-31 3.689908379636559062e+02
9.615746001432075951e-31 3.744964961186617529e+02
9.396648314954671003e-31 3.800843033912063902e+02
9.182542835656262285e-31 3.857554855162260310e+02
8.973315814583500854e-31 3.915112865176585615e+02
8.768856094587408094e-31 3.973529689813436789e+02
8.569055051268330175e-31 4.032818143319790920e+02
8.373806535266471837e-31 4.092991231142125912e+02
8.183006815867373623e-31 4.154062152779276289e+02
7.996554525892329009e-31 4.216044304677863579e+02
7.814350607844526102e-31 4.278951283170922579e+02
7.636298261282225838e-31 4.342796887460378912e+02
7.462302891391092569e-31 4.407595122643990067e+02
7.292272058728297446e-31 4.473360202787630442e+02
7.126115430111730493e-31 4.540106554043056235e+02
6.963744730628208189e-31 4.607848817812555353e+02
6.805073696735192186e-31 4.676601853960630137e+02
6.650018030431104955e-31 4.746380744073640585e+02
6.498495354469875536e-31 4.817200794768085075e+02
6.350425168595949359e-31 4.889077541048239368e+02
6.205728806776487455e-31 4.962026749713900813e+02
6.064329395408049636e-31 5.036064422818971593e+02
5.926151812475540560e-31 5.111206801181611468e+02
5.791122647641746717e-31 5.187470367946968963e+02
5.659170163246231163e-31 5.264871852202660421e+02
5.530224256192888832e-31 5.343428232648603853e+02
5.404216420705904017e-31 5.423156741321405434e+02
5.281079711934320189e-31 5.504074867374367841e+02
5.160748710385897372e-31 5.586200360913876466e+02
5.043159487171348306e-31 5.669551236893055375e+02
4.928249570040503537e-31 5.754145779063497912e+02
4.815957910192340971e-31 5.840002543985926877e+02
4.706224849841271675e-31 5.927140365100925692e+02
4.598992090522428458e-31 6.015578356859941778e+02
4.494202662119132874e-31 6.105335918918391371e+02
4.391800892596077160e-31 6.196432740391106790e+02
4.291732378422149076e-31 6.288888804171313041e+02
4.193943955667177967e-31 6.382724391314051218e+02
4.098383671757252560e-31 6.477960085485010495e+02
4.005000757873602602e-31 6.574616777475735034e+02
3.913745601980375804e-31 6.672715669786206263e+02
3.824569722466991447e-31 6.772278281275740710e+02
3.737425742391056354e-31 6.873326451883561958e+02
3.652267364308167868e-31 6.975882347419259304e+02
3.569049345675222310e-31 7.079968464425267030e+02
3.487727474814170571e-31 7.185607635111630316e+02
3.408258547423444932e-31 7.292823032364450455e+02
3.330600343624581617e-31 7.401638174829060972e+02
3.254711605531841653e-31 7.512076932069054465e+02
3.180552015332913306e-31 7.624163529802277708e+02
3.108082173869057431e-31 7.737922555214894373e+02
3.037263579703305374e-31 7.853378962355059230e+02
2.968058608665596250e-31 7.970558077606424376e+02
2.900430493863985652e-31 8.089485605243963846e+02
2.834343306151303509e-31 8.210187633072362132e+02
2.769761935036885363e-31 8.332690638148616245e+02
2.706652070033235585e-31 8.457021492589999525e+02
2.644980182427714502e-31 8.583207469468709405e+02
2.584713507469558556e-31 8.711276248794448520e+02
2.525820026962779558e-31 8.841255923586286372e+02
2.468268452255687461e-31 8.973175006035031629e+02
2.412028207618002215e-31 9.107062433757930648e+02
2.357069413996723024e-31 9.242947576145951416e+02
2.303362873142126507e-31 9.380860240806507591e+02
2.250880052095457066e-31 9.520830680101948928e+02
2.199593068030070277e-31 9.662889597785688238e+02
2.149474673437976203e-31 9.807068155737334791e+02
2.100498241653910841e-31 9.953397980798332583e+02
2.052637752709247836e-31 1.010191117170958933e+03
2.005867779508229848e-31 1.025264030615252750e+03
1.960163474319181612e-31 1.040561844789562883e+03
1.915500555573523888e-31 1.056087915404676096e+03
1.871855294965575478e-31 1.071845648241456047e+03
1.829204504846290070e-31 1.087838499897922702e+03
1.787525525904231900e-31 1.104069978547488063e+03
1.746796215127242225e-31 1.120543644708504644e+03
1.706994934038404498e-31 1.137263112025297460e+03
1.668100537200055825e-31 1.154232048060847546e+03
1.630092360979737884e-31 1.171454175101305964e+03
1.592950212572119757e-31 1.188933270972498804e+03
1.556654359271058887e-31 1.206673169868666491e+03
1.521185517986101683e-31 1.224677763193470128e+03
1.486524844997854074e-31 1.242951000413643442e+03
1.452653925946778161e-31 1.261496889925333790e+03
1.419554766050098585e-31 1.280319499933379575e+03
1.387209780541618042e-31 1.299422959343706225e+03
1.355601785329366178e-31 1.318811458669039439e+03
1.324713987866114690e-31 1.338489250948129893e+03
1.294529978227913441e-31 1.358460652678684255e+03
1.265033720395901117e-31 1.378730044764271952e+03
1.236209543736766580e-31 1.399301873475248385e+03
1.208042134677326408e-31 1.420180651424127063e+03
1.180516528568803208e-31 1.441370958555451807e+03
1.153618101736476237e-31 1.462877443150445970e+03
1.127332563710484879e-31 1.484704822846655588e+03
1.101645949633654649e-31 1.506857885672804514e+03
1.076544612842313721e-31 1.529341491099090035e+03
1.052015217616156837e-31 1.552160571103151597e+03
1.028044732093307644e-31 1.575320131251931116e+03
1.004620421346811048e-31 1.598825251799737998e+03
9.817298406188821059e-32 1.622681088802572958e+03
9.593608287093127506e-32 1.646892875249204280e+03
9.375015015145270736e-32 1.671465922209058135e+03
9.161402457138502399e-32 1.696405619997248323e+03
8.952657125996382056e-32 1.721717439356989189e+03
8.748668120479896382e-32 1.747406932659652739e+03
8.549327066268367598e-32 1.773479735122728925e+03
8.354528058382853994e-32 1.799941566045960826e+03
8.164167604921454847e-32 1.826798230065910047e+03
7.978144572076612925e-32 1.854055618429312062e+03
7.796360130405220532e-32 1.881719710285286965e+03
7.618717702322983084e-32 1.909796573996975440e+03
7.445122910795128109e-32 1.938292368472675435e+03
7.275483529196217567e-32 1.967213344516850839e+03
7.109709432312423473e-32 1.996565846201302520e+03
6.947712548460225668e-32 2.026356312256795718e+03
6.789406812696098179e-32 2.056591277485452792e+03
6.634708121092337388e-32 2.087277374194202366e+03
6.483534286054714001e-32 2.118421333649703229e+03
6.335804992658241709e-32 2.150029987554805302e+03
6.191441755977834909e-32 2.182110269547210919e+03
6.050367879391212487e-32 2.214669216720413715e+03
5.912508413831868812e-32 2.247713971167346699e+03
5.777790117970494746e-32 2.281251781547063729e+03
5.646141419303660573e-32 2.315290004674796819e+03
5.517492376129116899e-32 2.349836107135738985e+03
5.391774640387494302e-32 2.384897666922904136e+03
5.268921421350666421e-32 2.420482375099410092e+03
5.148867450137486733e-32 2.456598037485657642e+03
5.031548945038046078e-32 2.493252576371488431e+03
4.916903577628021129e-32 2.530454032254089725e+03
4.804870439655124074e-32 2.568210565601726103e+03
4.695390010680053000e-32 2.606530458643812381e+03
4.588404126454751884e-32 2.645422117187694312e+03
4.483855948021181575e-32 2.684894072462534496e+03
4.381689931514185786e-32 2.724954982990714143e+03
4.281851798652406672e-32 2.765613636487134954e+03
4.184288507901576249e-32 2.806878951786969992e+03
4.088948226294855871e-32 2.848759980801956772e+03
3.995780301895265436e-32 2.891265910506101136e+03
3.904735236885556027e-32 2.934406064950901055e+03
3.815764661271244774e-32 2.978189907310658327e+03
3.728821307182830167e-32 3.022627041958310201e+03
3.643858983763540477e-32 3.067727216572233829e+03
3.560832552629274487e-32 3.113500324274484683e+03
3.479697903887688228e-32 3.159956405800940956e+03
3.400411932703702725e-32 3.207105651703801868e+03
3.322932516398968312e-32 3.254958404587079258e+03
3.247218492073125420e-32 3.303525161375182961e+03
3.173229634734973242e-32 3.352816575615619058e+03
3.100926635931923713e-32 3.402843459815911956e+03
3.030271082866393023e-32 3.453616787815424232e+03
2.961225437988031389e-32 3.505147697192566739e+03
2.893753019050947448e-32 3.557447491707922381e+03
2.827817979625338167e-32 3.610527643783827898e+03
2.763385290053167243e-32 3.664399797020920687e+03
2.700420718837769802e-32 3.719075768752384192e+03
2.638890814457507535e-32 3.774567552636006894e+03
2.578762887593798183e-32 3.830887321285215421e+03
2.520004993764089635e-32 3.888047428939215479e+03
2.462585916350544282e-32 3.946060414173003664e+03
2.406475150015421810e-32 4.004939002647813140e+03
2.351642884494346213e-32 4.064696109902602075e+03
2.298059988758848885e-32 4.125344844187191484e+03
2.245697995539771797e-32 4.186898509337672294e+03
2.194529086203311534e-32 4.249370607694690079e+03
2.144526075971665342e-32 4.312774843065435562e+03
2.095662399480430822e-32 4.377125123729493680e+03
2.047912096665083319e-32 4.442435565489881810e+03
2.001249798969034888e-32 4.508720494769443576e+03
1.955650715865947040e-32 4.575994451753475914e+03
1.911090621689135841e-32 4.644272193579248778e+03
1.867545842761074123e-32 4.713568697573108693e+03
1.824993244816150425e-32 4.783899164535894670e+03
1.783410220710006330e-32 4.855279022077322225e+03
1.742774678408917289e-32 4.927723928000329579e+03
1.703065029252842645e-32 5.001249773735514282e+03
1.664260176485901980e-32 5.075872687827218215e+03
1.626339504048190616e-32 5.151609039471428332e+03
1.589282865622976283e-32 5.228475442106501760e+03
1.553070573933458560e-32 5.306488757057472867e+03
1.517683390283403793e-32 5.385666097234731751e+03
1.483102514336102827e-32 5.466024830887893586e+03
1.449309574126214976e-32 5.547582585415681024e+03
1.416286616299197362e-32 5.630357251232595445e+03
1.384016096573130171e-32 5.714366985693531205e+03
1.352480870417874006e-32 5.799630217076470217e+03
1.321664183946603862e-32 5.886165648625071299e+03
1.291549665014882804e-32 5.973992262651351666e+03
1.262121314522546220e-32 6.063129324699617428e+03
1.233363497913774570e-32 6.153596387772537128e+03
1.205260936870841315e-32 6.245413296620260553e+03
1.177798701197118107e-32 6.338600192093545047e+03
1.150962200885031133e-32 6.433177515561827931e+03
1.124737178364750737e-32 6.529166013397163624e+03
1.099109700929496114e-32 6.626586741525344223e+03
1.074066153333432343e-32 6.725461070044379085e+03
1.049593230558226557e-32 6.825810687912427966e+03
1.025677930744420767e-32 6.927657607705413284e+03
1.002307548283864363e-32 7.031024170445673008e+03
9.794696670695465180e-33 7.135933050502604601e+03
9.571521538991855122e-33 7.242407260566776131e+03
9.353431520292300716e-33 7.350470156697384482e+03
9.140310748756222228e-33 7.460145443446133868e+03
8.932045998581031978e-33 7.571457179056989844e+03
8.728526623848370735e-33 7.684429780743263109e+03
8.529644499740946745e-33 7.799088030044047628e+03
8.335293965098186820e-33 7.915457078259888476e+03
8.145371766280804181e-33 8.033562451970517941e+03
7.959777002314977607e-33 8.153430058634022316e+03
7.778411071286419009e-33 8.275086192269540334e+03
7.601177617955322307e-33 8.398557539225672372e+03
7.427982482564970894e-33 8.523871184033980171e+03
7.258733650817246298e-33 8.651054615350554741e+03
7.093341204987931666e-33 8.780135731985552411e+03
6.931717276155400245e-33 8.911142849022962764e+03
6.773775997517800765e-33 9.044104704032355585e+03
6.619433458774388052e-33 9.179050463372359445e+03
6.468607661546268147e-33 9.316009728588265716e+03
6.321218475812448481e-33 9.455012542905673399e+03
6.177187597338538320e-33 9.596089397821051534e+03
6.036438506075864137e-33 9.739271239790014079e+03
5.898896425508445023e-33 9.884589477015309967e+03
5.764488282925873319e-33 1.003207598633710586e+04
5.633142670601397795e-33 1.018176312022538696e+04
5.504789807854967862e-33 1.033368371387635307e+04
5.379361503980653824e-33 1.048787109241551843e+04
5.256791122018419250e-33 1.064435907820735702e+04
5.137013543351380610e-33 1.080318199827531316e+04
5.019965133110079362e-33 1.096437469183131907e+04
4.905583706365005622e-33 1.112797251791762938e+04
4.793808495089106616e-33 1.129401136316393968e+04
4.684580115873083876e-33 1.146252764965889583e+04
4.577840538376616411e-33 1.163355834294006672e+04
4.473533054498426715e-33 1.180714096010219873e+04
4.371602248248502002e-33 1.198331357802680941e+04
4.271993966306811417e-33 1.216211484173546887e+04
4.174655289253134365e-33 1.234358397286644504e+04
4.079534503452415310e-33 1.252776077827781592e+04
3.986581073580438753e-33 1.271468565878035224e+04
3.895745615775532934e-33 1.290439961799918638e+04
3.806979871402283794e-33 1.309694427136884224e+04
3.720236681413035479e-33 1.329236185526142981e+04
3.635469961293317649e-33 1.349069523625143665e+04
3.552634676578168498e-33 1.369198792051987766e+04
3.471686818926559780e-33 1.389628406339667163e+04
3.392583382740963881e-33 1.410362847904716546e+04
3.315282342319423210e-33 1.431406665030182012e+04
3.239742629528221808e-33 1.452764473863432613e+04
3.165924111983520462e-33 1.474440959428695351e+04
3.093787571730111353e-33 1.496440876654696513e+04
3.023294684405776322e-33 1.518769051417791525e+04
2.954407998880404108e-33 1.541430381600554392e+04
2.887090917359234672e-33 1.564429838166109403e+04
2.821307675939447516e-33 1.587772466248616911e+04
2.757023325609582561e-33 1.611463386259892468e+04
2.694203713681904435e-33 1.635507795012729912e+04
2.632815465648020126e-33 1.659910966860805274e+04
2.572825967447911165e-33 1.684678254855584601e+04
2.514203348142796692e-33 1.709815091920682971e+04
2.456916462982810311e-33 1.735326992043544669e+04
2.400934876860651880e-33 1.761219551485054035e+04
2.346228848142243324e-33 1.787498450007054271e+04
2.292769312865648842e-33 1.814169452118238041e+04
2.240527869300036432e-33 1.841238408338759109e+04
2.189476762856620563e-33 1.868711256483526086e+04
2.139588871343403975e-33 1.896594022964651595e+04
2.090837690555750097e-33 1.924892824113457755e+04
2.043197320195287297e-33 1.953613867522211149e+04
1.996642450109793265e-33 1.982763453405754262e+04
1.951148346846600431e-33 2.012347975983428842e+04
1.906690840512251809e-33 2.042373924881833955e+04
1.863246311931574907e-33 2.072847886558368918e+04
1.820791680099462468e-33 2.103776545745946714e+04
1.779304389918562907e-33 2.135166686919434142e+04
1.738762400216250629e-33 2.167025195783781601e+04
1.699144172034639832e-33 2.199359060784620669e+04
1.660428657187529590e-33 2.232175374641156668e+04
1.622595287078073922e-33 2.265481335901925922e+04
1.585623961771137177e-33 2.299284250524004892e+04
1.549495039314644346e-33 2.333591533475623510e+04
1.514189325304352077e-33 2.368410710362606187e+04
1.479688062686384218e-33 2.403749419079277868e+04
1.445972921792019581e-33 2.439615411483784555e+04
1.413025990599545135e-33 2.476016555098708341e+04
1.380829765218092363e-33 2.512960834836783761e+04
1.349367140588295472e-33 2.550456354752354309e+04
1.318621401394748544e-33 2.588511339819251225e+04
1.288576213185528489e-33 2.627134137734891192e+04
1.259215613694150880e-33 2.666333220751523913e+04
1.230524004359251543e-33 2.706117187534589902e+04
1.202486142037412290e-33 2.746494765048886620e+04
1.175087130904817104e-33 2.787474810473085381e+04
1.148312414543511094e-33 2.829066313142521904e+04
1.122147768207971072e-33 2.871278396520993556e+04
1.096579291267809892e-33 2.914120320202161020e+04
1.071593399822679854e-33 2.957601481940818121e+04
1.047176819485520278e-33 3.001731419714280128e+04
1.023316578330236457e-33 3.046519813814501322e+04
1.000000000000000056e-33 3.091976488971724029e+04
