# Matter power spectrum P(k) at redshift z=0
# for k=1.04775e-05 to 157.312 h/Mpc,
# number of wavenumbers equal to 257
#    1:k (h/Mpc)              2:P (Mpc/h)^3        
       1.047750691338e-05       5.020963906804e+01 
       1.131335172818e-05       5.407048937151e+01 
       1.221587619877e-05       5.822820724030e+01 
       1.319039970550e-05       6.270562047270e+01 
       1.424266598317e-05       6.752731476098e+01 
       1.537887697396e-05       7.271975715396e+01 
       1.660572938097e-05       7.831147101244e+01 
       1.793045413791e-05       8.433312302134e+01 
       1.936085902737e-05       9.081780130647e+01 
       2.090537469909e-05       9.780107452056e+01 
       2.257310435923e-05       1.053212938596e+02 
       2.437387742372e-05       1.134197268469e+02 
       2.631830745176e-05       1.221408285636e+02 
       2.841785470091e-05       1.315324590474e+02 
       3.068489367268e-05       1.416461671312e+02 
       3.313278604643e-05       1.525374479188e+02 
       3.577595943165e-05       1.642660516948e+02 
       3.862999240274e-05       1.768963429345e+02 
       4.171170631739e-05       1.904975997815e+02 
       4.503926445983e-05       2.051444243234e+02 
       4.863227909323e-05       2.209171412047e+02 
       5.251192705226e-05       2.379022266158e+02 
       5.670107455699e-05       2.561927841255e+02 
       6.122441198393e-05       2.758890480340e+02 
       6.610859938837e-05       2.970989214008e+02 
       7.138242363583e-05       3.199385559930e+02 
       7.707696806873e-05       3.445329727006e+02 
       8.322579570814e-05       3.710167324003e+02 
       8.986514707061e-05       3.995346444125e+02 
       9.703415376577e-05       4.302425389349e+02 
       1.047750691338e-04       4.633080773458e+02 
       1.131335172818e-04       4.989116273609e+02 
       1.221587619877e-04       5.372471938792e+02 
       1.319039970550e-04       5.785234116846e+02 
       1.424266598317e-04       6.229645933154e+02 
       1.537887697396e-04       6.708118487501e+02 
       1.660572938097e-04       7.223242657755e+02 
       1.793045413791e-04       7.777801571226e+02 
       1.936085902737e-04       8.374783638364e+02 
       2.090537469909e-04       9.017396276553e+02 
       2.257310435923e-04       9.709080297651e+02 
       2.437387742372e-04       1.045352453375e+03 
       2.631830745176e-04       1.125468127721e+03 
       2.841785470091e-04       1.211678185928e+03 
       3.068489367268e-04       1.304435256065e+03 
       3.313278604643e-04       1.404223062922e+03 
       3.577595943165e-04       1.511558029577e+03 
       3.862999240274e-04       1.626990852555e+03 
       4.171170631739e-04       1.751108045602e+03 
       4.503926445983e-04       1.884533404754e+03 
       4.863227909323e-04       2.027929406956e+03 
       5.251192705226e-04       2.181998483912e+03 
       5.670107455699e-04       2.347484146066e+03 
       6.122441198393e-04       2.525171925195e+03 
       6.610859938837e-04       2.715890054977e+03 
       7.138242363583e-04       2.920509779318e+03 
       7.707696806873e-04       3.139945208047e+03 
       8.322579570814e-04       3.375152477012e+03 
       8.986514707061e-04       3.627128020454e+03 
       9.703415376577e-04       3.896905669497e+03 
       1.047750691338e-03       4.185552452596e+03 
       1.131335172818e-03       4.494162775545e+03 
       1.221587619877e-03       4.823851150556e+03 
       1.319039970550e-03       5.175743278656e+03 
       1.424266598317e-03       5.551020298602e+03 
       1.537887697396e-03       5.950789185316e+03 
       1.660572938097e-03       6.376124149885e+03 
       1.793045413791e-03       6.828075236347e+03 
       1.936085902737e-03       7.307627050706e+03 
       2.090537469909e-03       7.815673958556e+03 
       2.257310435923e-03       8.352992922270e+03 
       2.437387742372e-03       8.920214305318e+03 
       2.631830745176e-03       9.517787165255e+03 
       2.841785470091e-03       1.014594130467e+04 
       3.068489367268e-03       1.080465136190e+04 
       3.313278604643e-03       1.149358239102e+04 
       3.577595943165e-03       1.221204586284e+04 
       3.862999240274e-03       1.295893665692e+04 
       4.171170631739e-03       1.373267337504e+04 
       4.503926445983e-03       1.453113498490e+04 
       4.863227909323e-03       1.535157113123e+04 
       5.251192705226e-03       1.619066152071e+04 
       5.670107455699e-03       1.704433877371e+04 
       6.122441198393e-03       1.790758119906e+04 
       6.610859938837e-03       1.877461989889e+04 
       7.138242363583e-03       1.963874641757e+04 
       7.707696806873e-03       2.049217307420e+04 
       8.322579570814e-03       2.132608710824e+04 
       8.986514707061e-03       2.213056642460e+04 
       9.703415376577e-03       2.289447078087e+04 
       1.047750691338e-02       2.360549490295e+04 
       1.131335172818e-02       2.425023999221e+04 
       1.221587619877e-02       2.481424635667e+04 
       1.319039970550e-02       2.528219891078e+04 
       1.424266598317e-02       2.563814958683e+04 
       1.537887697392e-02       2.586607453653e+04 
       1.660572938023e-02       2.595026869240e+04 
       1.793045412706e-02       2.587635283889e+04 
       1.936085890181e-02       2.563219376163e+04 
       2.090537352463e-02       2.520935847210e+04 
       2.257309535333e-02       2.460444898503e+04 
       2.437382002918e-02       2.382088581702e+04 
       2.631799944462e-02       2.287044034830e+04 
       2.841644545389e-02       2.177448754031e+04 
       3.067933355377e-02       2.056555551487e+04 
       3.311368470740e-02       1.928730055154e+04 
       3.571840443502e-02       1.799400258870e+04 
       3.847720348444e-02       1.674682575554e+04 
       4.135335538431e-02       1.560457212801e+04 
       4.429361667738e-02       1.461034953998e+04 
       4.724366439141e-02       1.378052643212e+04 
       5.016480835311e-02       1.310501856169e+04 
       5.303989620246e-02       1.255714086249e+04 
       5.586870669566e-02       1.210419522333e+04 
       5.866042680613e-02       1.171460732537e+04 
       6.142798932958e-02       1.136042115618e+04 
       6.418496440164e-02       1.101849921739e+04 
       6.694418833788e-02       1.067063918795e+04 
       6.971731106057e-02       1.030350322426e+04 
       7.251476155766e-02       9.908950650656e+03 
       7.534587671527e-02       9.483669370474e+03 
       7.821907666265e-02       9.029433221157e+03 
       8.114203772912e-02       8.552244648887e+03 
       8.412184535029e-02       8.061825307816e+03 
       8.716512279304e-02       7.570693263862e+03 
       9.027813695930e-02       7.092418210717e+03 
       9.346688431697e-02       6.640449012243e+03 
       9.673716028275e-02       6.226634068090e+03 
       1.000946150830e-01       5.859857778053e+03 
       1.035447986537e-01       5.545190474531e+03 
       1.070931966762e-01       5.283063998017e+03 
       1.107452594425e-01       5.069348212109e+03 
       1.145064249153e-01       4.895171222156e+03 
       1.183821370918e-01       4.747754855101e+03 
       1.223778605862e-01       4.611636003018e+03 
       1.264990921987e-01       4.470522345369e+03 
       1.307513701367e-01       4.310162782534e+03 
       1.351402814784e-01       4.121271917603e+03 
       1.396714684203e-01       3.901960201074e+03 
       1.443506338194e-01       3.658556778624e+03 
       1.491835465229e-01       3.404396283163e+03 
       1.541760469708e-01       3.156573173630e+03 
       1.593340535561e-01       2.931855829910e+03 
       1.646635702297e-01       2.742270599846e+03 
       1.701706958456e-01       2.592148256385e+03 
       1.758616357459e-01       2.477133545383e+03 
       1.817427160982e-01       2.385072813374e+03 
       1.878204015065e-01       2.300255674803e+03 
       1.941013164283e-01       2.205645996927e+03 
       2.005922709503e-01       2.090710780083e+03 
       2.073002914972e-01       1.956354333922e+03 
       2.142326570816e-01       1.814082232404e+03 
       2.213969417533e-01       1.679173818509e+03 
       2.288010639706e-01       1.563734127009e+03 
       2.364533437147e-01       1.472574041845e+03 
       2.443625682930e-01       1.401410959604e+03 
       2.525380679504e-01       1.338303066880e+03 
       2.609898026346e-01       1.270791696114e+03 
       2.697284615565e-01       1.193271057116e+03 
       2.787655775689e-01       1.109231278837e+03 
       2.881136588829e-01       1.028660432641e+03 
       2.977863412677e-01       9.603723030570e+02 
       3.077985646929e-01       9.049154562669e+02 
       3.181667794071e-01       8.560372841160e+02 
       3.289091877812e-01       8.060803597493e+02 
       3.400460299658e-01       7.522851754236e+02 
       3.515999236474e-01       6.988166815916e+02 
       3.635962711085e-01       6.509590691525e+02 
       3.760637506334e-01       6.100179055689e+02 
       3.890349143879e-01       5.720291279510e+02 
       4.025469216825e-01       5.336806981029e+02 
       4.166424456376e-01       4.955310709377e+02 
       4.313708035863e-01       4.603678943964e+02 
       4.467893782977e-01       4.286778536493e+02 
       4.629654199663e-01       3.986751760327e+02 
       4.799783501994e-01       3.691455729925e+02 
       4.979227319373e-01       3.411443365438e+02 
       5.169121270864e-01       3.153898730373e+02 
       5.370841404489e-01       2.907429172185e+02 
       5.586070464571e-01       2.670146538113e+02 
       5.816885094930e-01       2.447201416386e+02 
       6.065870144995e-01       2.234799592968e+02 
       6.336266468475e-01       2.031240753117e+02 
       6.632156059511e-01       1.837940166600e+02 
       6.958678639262e-01       1.652723793741e+02 
       7.322247985589e-01       1.476154184652e+02 
       7.730680195113e-01       1.307557704192e+02 
       8.193049553677e-01       1.147553652455e+02 
       8.718988016039e-01       9.968923712965e+01 
       9.317218031081e-01       8.570698060335e+01 
       9.993660908989e-01       7.298673296261e+01 
       1.075037110174e+00       6.167066542121e+01 
       1.158653485707e+00       5.181653679593e+01 
       1.250099157308e+00       4.338065015687e+01 
       1.349432401273e+00       3.623256900859e+01 
       1.456947457397e+00       3.021399650570e+01 
       1.573135111331e+00       2.516305219567e+01 
       1.698621895592e+00       2.093298451910e+01 
       1.834127512934e+00       1.739590731736e+01 
       1.980444934528e+00       1.444152742764e+01 
       2.138435191726e+00       1.197705733360e+01 
       2.309029199186e+00       9.923462790026e+00 
       2.493232377687e+00       8.214205956121e+00 
       2.692130395285e+00       6.793002140614e+00 
       2.906895534573e+00       5.612561631476e+00 
       3.138793597714e+00       4.633014213083e+00 
       3.389191366484e+00       3.820947881621e+00 
       3.659564657905e+00       3.148449171965e+00 
       3.951507022538e+00       2.591959089538e+00 
       4.266739136701e+00       2.131942478077e+00 
       4.607118943941e+00       1.751950477056e+00 
       4.974652605557e+00       1.438353805927e+00 
       5.371506324689e+00       1.179775478934e+00 
       5.800019113685e+00       9.667385566944e-01 
       6.262716579983e+00       7.913725771094e-01 
       6.762325811764e+00       6.471299908797e-01 
       7.301791451110e+00       5.285863264935e-01 
       7.884293049406e+00       4.312490508599e-01 
       8.513263807261e+00       3.513892372924e-01 
       9.192410809424e+00       2.859273258526e-01 
       9.925736873929e+00       2.323143855627e-01 
       1.071756414427e+01       1.884500901295e-01 
       1.157255956364e+01       1.525948724238e-01 
       1.249576238137e+01       1.233182654578e-01 
       1.349261385375e+01       9.943888360611e-02 
       1.456898931416e+01       7.998578293482e-02 
       1.573123280165e+01       6.416414284182e-02 
       1.698619445202e+01       5.131128044228e-02 
       1.834127087176e+01       4.088929646416e-02 
       1.980444873285e+01       3.245401966283e-02 
       2.138435184532e+01       2.564237194794e-02 
       2.309029198506e+01       2.015587487354e-02 
       2.493232377636e+01       1.574916421089e-02 
       2.692130395282e+01       1.222217824660e-02 
       2.906895534573e+01       9.411191408848e-03 
       3.138793597714e+01       7.180944210816e-03 
       3.389191366484e+01       5.421833182756e-03 
       3.659564657905e+01       4.043574459504e-03 
       3.951507022538e+01       2.972553008686e-03 
       4.266739136701e+01       2.148302673386e-03 
       4.607118943941e+01       1.521418827889e-03 
       4.974652605557e+01       1.051432392518e-03 
       5.371506324689e+01       7.052375936000e-04 
       5.800019113685e+01       4.557417662200e-04 
       6.262716579983e+01       2.808177211517e-04 
       6.762325811764e+01       1.624428874685e-04 
       7.301791451110e+01       8.604250533788e-05 
       7.884293049406e+01       3.988109098560e-05 
       8.513263807261e+01       1.468589972901e-05 
       9.192410809424e+01       3.222426774866e-06 
       9.925736873929e+01       2.997981697985e-08 
       1.071756414427e+02       1.138912890454e-06 
       1.157255956364e+02       3.834286585701e-06 
       1.249576238137e+02       6.440424025371e-06 
       1.349261385375e+02       8.091545672881e-06 
       1.456898931416e+02       8.524286531138e-06 
       1.573123280165e+02       7.870606936716e-06 
