# Matter power spectrum P(k) at redshift z=0
# for k=1.04775e-05 to 66.1767 h/Mpc,
# number of wavenumbers equal to 130
#    1:k (h/Mpc)              2:P (Mpc/h)^3        
       1.047750691046e-05       5.020964811318e+01 
       1.319039970183e-05       6.270562594895e+01 
       1.660572937635e-05       7.831147247912e+01 
       2.090537469327e-05       9.780108069404e+01 
       2.631830744443e-05       1.221408203809e+02 
       3.313278603720e-05       1.525374501932e+02 
       4.171170630578e-05       1.904975994012e+02 
       5.251192703764e-05       2.379022224242e+02 
       6.610859936996e-05       2.970989227884e+02 
       8.322579568497e-05       3.710167318946e+02 
       1.047750691046e-04       4.633080766742e+02 
       1.319039970183e-04       5.785234129337e+02 
       1.660572937635e-04       7.223242666092e+02 
       2.090537469327e-04       9.017396271823e+02 
       2.631830744443e-04       1.125468123750e+03 
       3.313278603720e-04       1.404223053681e+03 
       4.171170630578e-04       1.751108028789e+03 
       5.251192703764e-04       2.181998448132e+03 
       6.610859936996e-04       2.715889983591e+03 
       8.322579568497e-04       3.375152337111e+03 
       1.047750691046e-03       4.185552174298e+03 
       1.319039970183e-03       5.175742738889e+03 
       1.660572937635e-03       6.376123051708e+03 
       2.090537469327e-03       7.815671913035e+03 
       2.631830744443e-03       9.517783068591e+03 
       3.313278603720e-03       1.149357460201e+04 
       4.171170630578e-03       1.373266000826e+04 
       5.251192703764e-03       1.619063601076e+04 
       6.610859936996e-03       1.877460425513e+04 
       8.322579568497e-03       2.132611388031e+04 
       1.047750691046e-02       2.360547964097e+04 
       1.319039970183e-02       2.528219102272e+04 
       1.660572937633e-02       2.595028617752e+04 
       2.090537453514e-02       2.520934237102e+04 
       2.631818545635e-02       2.287029021052e+04 
       3.311571692125e-02       1.928623459448e+04 
       4.113809243311e-02       1.568421722550e+04 
       4.792590854610e-02       1.361057544756e+04 
       5.284436902701e-02       1.259129112592e+04 
       5.689644391095e-02       1.195557073211e+04 
       6.051252627066e-02       1.147550135179e+04 
       6.388413457411e-02       1.105591074133e+04 
       6.711249296401e-02       1.064904252965e+04 
       7.025823437965e-02       1.022924737481e+04 
       7.336115587705e-02       9.784520346883e+03 
       7.644928796912e-02       9.311631347843e+03 
       7.954353299775e-02       8.814567500827e+03 
       8.266024078725e-02       8.302160478154e+03 
       8.581273398637e-02       7.786954023872e+03 
       8.901225918437e-02       7.283238007242e+03 
       9.226860540985e-02       6.805184116152e+03 
       9.559052048996e-02       6.365677683350e+03 
       9.898599946599e-02       5.974369655703e+03 
       1.024624891378e-01       5.637349191235e+03 
       1.060270359164e-01       5.355771375955e+03 
       1.096863943056e-01       5.126230547166e+03 
       1.134471073830e-01       4.940474944084e+03 
       1.173155669539e-01       4.786130457385e+03 
       1.212980586983e-01       4.647910584793e+03 
       1.254007961065e-01       4.509133157359e+03 
       1.296299459934e-01       4.354534121665e+03 
       1.339916477160e-01       4.173205249196e+03 
       1.384920277736e-01       3.961148420398e+03 
       1.431372111762e-01       3.722671423524e+03 
       1.479333307714e-01       3.469521194219e+03 
       1.528865355934e-01       3.218302939500e+03 
       1.580029992204e-01       2.986231484751e+03 
       1.632889290723e-01       2.786916430916e+03 
       1.687505775527e-01       2.626785296748e+03 
       1.743942559171e-01       2.503732522975e+03 
       1.802263517371e-01       2.407292678942e+03 
       1.862533508214e-01       2.322201528235e+03 
       1.924818644494e-01       2.231512119676e+03 
       1.989186627765e-01       2.122144435472e+03 
       2.055707152847e-01       1.991979039588e+03 
       2.124452391818e-01       1.850278532948e+03 
       2.195497567139e-01       1.712128038860e+03 
       2.268921624510e-01       1.590938331765e+03 
       2.344808017550e-01       1.493622768276e+03 
       2.423245618548e-01       1.418271036859e+03 
       2.504329772620e-01       1.354422227212e+03 
       2.588163516754e-01       1.288890153781e+03 
       2.674858990930e-01       1.213887113725e+03 
       2.764539076010e-01       1.130645222112e+03 
       2.857339303080e-01       1.048049159078e+03 
       2.953410092148e-01       9.761380492522e+02 
       3.052919395542e-01       9.177620520946e+02 
       3.156055844677e-01       8.678507096564e+02 
       3.263032530092e-01       8.184762213698e+02 
       3.374091587054e-01       7.650993052927e+02 
       3.489509817175e-01       7.106226909789e+02 
       3.609605657343e-01       6.607380471134e+02 
       3.734747921333e-01       6.180369130608e+02 
       3.865366902904e-01       5.792627345616e+02 
       4.001968667448e-01       5.403425208902e+02 
       4.145153713076e-01       5.011048089070e+02 
       4.295641718077e-01       4.644514435472e+02 
       4.454304922144e-01       4.313592997819e+02 
       4.622214006969e-01       4.000662662594e+02 
       4.800702491654e-01       3.690419148381e+02 
       4.991459272112e-01       3.394289185629e+02 
       5.196665217302e-01       3.119368416192e+02 
       5.419201087032e-01       2.851997159178e+02 
       5.662975451962e-01       2.592832802811e+02 
       5.933463737275e-01       2.345005074037e+02 
       6.238638458458e-01       2.101839092818e+02 
       6.590669257916e-01       1.863873639120e+02 
       7.009246080454e-01       1.626787156722e+02 
       7.528593308799e-01       1.387727005739e+02 
       8.213469537518e-01       1.141432780378e+02 
       9.196980813302e-01       8.831552399257e+01 
       1.075112183810e+00       6.168365641524e+01 
       1.322697471132e+00       3.800268360095e+01 
       1.662328205042e+00       2.206073202415e+01 
       2.092692408506e+00       1.263490633085e+01 
       2.634543445090e+00       7.172074453638e+00 
       3.316693691389e+00       4.036914101193e+00 
       4.175469971226e+00       2.253286811433e+00 
       5.256605252960e+00       1.246846121016e+00 
       6.617673932723e+00       6.833112803411e-01 
       8.331157880872e+00       3.701900904232e-01 
       1.048830636590e+01       1.976057894363e-01 
       1.320399541071e+01       1.033621467011e-01 
       1.662284535976e+01       5.251518258989e-02 
       2.092692243973e+01       2.554640066034e-02 
       2.634543445002e+01       1.162461816790e-02 
       3.316693691389e+01       4.758298154334e-03 
       4.175469971226e+01       1.632785259629e-03 
       5.256605252960e+01       4.053643777250e-04 
       6.617673932723e+01       4.687976845860e-05 
