# Matter power spectrum P(k) at redshift z=99
# for k=1.04775e-05 to 66.1767 h/Mpc,
# number of wavenumbers equal to 130
#    1:k (h/Mpc)              2:P (Mpc/h)^3        
       1.047750691046e-05       7.261927681194e-03 
       1.319039970183e-05       9.069258202266e-03 
       1.660572937635e-05       1.132639106777e-02 
       2.090537469327e-05       1.414527123464e-02 
       2.631830744443e-05       1.766569584139e-02 
       3.313278603720e-05       2.206225516043e-02 
       4.171170630578e-05       2.755297766402e-02 
       5.251192703764e-05       3.441013523106e-02 
       6.610859936996e-05       4.297372172974e-02 
       8.322579568497e-05       5.366826853188e-02 
       1.047750691046e-04       6.702379873080e-02 
       1.319039970183e-04       8.370193441668e-02 
       1.660572937635e-04       1.045283355432e-01 
       2.090537469327e-04       1.305329134163e-01 
       2.631830744443e-04       1.629994506678e-01 
       3.313278603720e-04       2.035264004692e-01 
       4.171170630578e-04       2.541004744354e-01 
       5.251192703764e-04       3.171839528692e-01 
       6.610859936996e-04       3.958147256674e-01 
       8.322579568497e-04       4.937136006687e-01 
       1.047750691046e-03       6.153841636245e-01 
       1.319039970183e-03       7.661720592467e-01 
       1.660572937635e-03       9.522588016570e-01 
       2.090537469327e-03       1.180312991681e+00 
       2.631830744443e-03       1.456802684584e+00 
       3.313278603720e-03       1.786503853734e+00 
       4.171170630578e-03       2.169896179766e+00 
       5.251192703764e-03       2.599430628661e+00 
       6.610859936996e-03       3.055668707819e+00 
       8.322579568497e-03       3.505725586234e+00 
       1.047750691046e-02       3.905490446849e+00 
       1.319039970183e-02       4.200915324336e+00 
       1.660572937633e-02       4.325059517184e+00 
       2.090537453514e-02       4.210200376975e+00 
       2.631818545635e-02       3.825150424738e+00 
       3.311571692125e-02       3.229065914812e+00 
       4.113809243311e-02       2.627727403748e+00 
       4.792590854610e-02       2.280793110914e+00 
       5.284436902701e-02       2.110082801654e+00 
       5.689644391095e-02       2.003535220306e+00 
       6.051252627066e-02       1.923051498020e+00 
       6.388413457411e-02       1.852730587265e+00 
       6.711249296401e-02       1.784562082884e+00 
       7.025823437965e-02       1.714273260459e+00 
       7.336115587705e-02       1.639814017785e+00 
       7.644928796912e-02       1.560658389660e+00 
       7.954353299775e-02       1.477453250061e+00 
       8.266024078725e-02       1.391689795456e+00 
       8.581273398637e-02       1.305457144585e+00 
       8.901225918437e-02       1.221125002929e+00 
       9.226860540985e-02       1.141072850323e+00 
       9.559052048996e-02       1.067445429279e+00 
       9.898599946599e-02       1.001884199152e+00 
       1.024624891378e-01       9.453769118064e-01 
       1.060270359164e-01       8.981470611185e-01 
       1.096863943056e-01       8.596082789688e-01 
       1.134471073830e-01       8.284011201082e-01 
       1.173155669539e-01       8.024630614303e-01 
       1.212980586983e-01       7.792209955180e-01 
       1.254007961065e-01       7.559127860953e-01 
       1.296299459934e-01       7.299769234601e-01 
       1.339916477160e-01       6.995862474187e-01 
       1.384920277736e-01       6.640722922259e-01 
       1.431372111762e-01       6.241408599362e-01 
       1.479333307714e-01       5.817566951388e-01 
       1.528865355934e-01       5.396842142034e-01 
       1.580029992204e-01       5.008072760192e-01 
       1.632889290723e-01       4.673921612432e-01 
       1.687505775527e-01       4.405271677536e-01 
       1.743942559171e-01       4.198596717045e-01 
       1.802263517371e-01       4.036532198661e-01 
       1.862533508214e-01       3.893526192973e-01 
       1.924818644494e-01       3.741280267256e-01 
       1.989186627765e-01       3.557945686822e-01 
       2.055707152847e-01       3.339927625582e-01 
       2.124452391818e-01       3.102587168952e-01 
       2.195497567139e-01       2.871152759585e-01 
       2.268921624510e-01       2.668015698635e-01 
       2.344808017550e-01       2.504762317125e-01 
       2.423245618548e-01       2.378262292944e-01 
       2.504329772620e-01       2.271051376918e-01 
       2.588163516754e-01       2.161099731636e-01 
       2.674858990930e-01       2.035386646422e-01 
       2.764539076010e-01       1.895909155316e-01 
       2.857339303080e-01       1.757501314851e-01 
       2.953410092148e-01       1.636925897115e-01 
       3.052919395542e-01       1.538997084971e-01 
       3.156055844677e-01       1.455245032821e-01 
       3.263032530092e-01       1.372432630502e-01 
       3.374091587054e-01       1.282951147167e-01 
       3.489509817175e-01       1.191648699906e-01 
       3.609605657343e-01       1.108008367167e-01 
       3.734747921333e-01       1.036384509630e-01 
       3.865366902904e-01       9.713491732889e-02 
       4.001968667448e-01       9.060898680828e-02 
       4.145153713076e-01       8.403049321141e-02 
       4.295641718077e-01       7.788472666854e-02 
       4.454304922144e-01       7.233552171777e-02 
       4.622214006969e-01       6.708761047090e-02 
       4.800702491654e-01       6.188546289414e-02 
       4.991459272112e-01       5.692043032663e-02 
       5.196665217302e-01       5.231006040466e-02 
       5.419201087032e-01       4.782662953825e-02 
       5.662975451962e-01       4.348106023628e-02 
       5.933463737275e-01       3.932540113935e-02 
       6.238638458458e-01       3.524774614631e-02 
       6.590669257916e-01       3.125733695869e-02 
       7.009246080454e-01       2.728190668148e-02 
       7.528593308799e-01       2.327323378279e-02 
       8.213469537518e-01       1.914321156311e-02 
       9.196980813302e-01       1.481228276021e-02 
       1.075112183810e+00       1.034649315477e-02 
       1.322697471132e+00       6.375488123149e-03 
       1.662328205042e+00       3.702177450361e-03 
       2.092692408506e+00       2.121483401200e-03 
       2.634543445090e+00       1.205292658769e-03 
       3.316693691389e+00       6.793939703937e-04 
       4.175469971226e+00       3.801198499397e-04 
       5.256605252960e+00       2.111464533781e-04 
       6.617673932723e+00       1.164394009797e-04 
       8.331157880872e+00       6.371796469744e-05 
       1.048830636590e+01       3.456422312511e-05 
       1.320399541071e+01       1.855132781896e-05 
       1.662284535976e+01       9.820140581509e-06 
       2.092692243973e+01       5.100089563079e-06 
       2.634543445002e+01       2.577280385690e-06 
       3.316693691389e+01       1.250593329077e-06 
       4.175469971226e+01       5.704520254225e-07 
       5.256605252960e+01       2.361517189296e-07 
       6.617673932723e+01       8.333406896347e-08 
