# Matter power spectrum P(k) at redshift z=99
# for k=1.04775e-05 to 66.1767 h/Mpc,
# number of wavenumbers equal to 130
#    1:k (h/Mpc)              2:P (Mpc/h)^3        
       1.047750691046e-05       7.261928221719e-03 
       1.319039970183e-05       9.069258880332e-03 
       1.660572937635e-05       1.132639298687e-02 
       2.090537469327e-05       1.414527228481e-02 
       2.631830744443e-05       1.766569700252e-02 
       3.313278603720e-05       2.206225679757e-02 
       4.171170630578e-05       2.755297969775e-02 
       5.251192703764e-05       3.441013778615e-02 
       6.610859936996e-05       4.297372492191e-02 
       8.322579568497e-05       5.366827251352e-02 
       1.047750691046e-04       6.702380370141e-02 
       1.319039970183e-04       8.370194071150e-02 
       1.660572937635e-04       1.045283432664e-01 
       2.090537469327e-04       1.305329230132e-01 
       2.631830744443e-04       1.629994621228e-01 
       3.313278603720e-04       2.035264151915e-01 
       4.171170630578e-04       2.541004925526e-01 
       5.251192703764e-04       3.171839748427e-01 
       6.610859936996e-04       3.958147518324e-01 
       8.322579568497e-04       4.937136308757e-01 
       1.047750691046e-03       6.153841963692e-01 
       1.319039970183e-03       7.661720899625e-01 
       1.660572937635e-03       9.522588184123e-01 
       2.090537469327e-03       1.180312958470e+00 
       2.631830744443e-03       1.456802511051e+00 
       3.313278603720e-03       1.786503324525e+00 
       4.171170630578e-03       2.169894819492e+00 
       5.251192703764e-03       2.599427022678e+00 
       6.610859936996e-03       3.055659862079e+00 
       8.322579568497e-03       3.505702653022e+00 
       1.047750691046e-02       3.905437500823e+00 
       1.319039970183e-02       4.200791703441e+00 
       1.660572937633e-02       4.324788972904e+00 
       2.090537453514e-02       4.209622986621e+00 
       2.631818545635e-02       3.823996339595e+00 
       3.311571692125e-02       3.226928736664e+00 
       4.113809243311e-02       2.624224820843e+00 
       4.792590854610e-02       2.276032837343e+00 
       5.284436902701e-02       2.104398963941e+00 
       5.689644391095e-02       1.997102025533e+00 
       6.051252627066e-02       1.915976446715e+00 
       6.388413457411e-02       1.845087104009e+00 
       6.711249296401e-02       1.776413503455e+00 
       7.025823437965e-02       1.705681201788e+00 
       7.336115587705e-02       1.630820833459e+00 
       7.644928796912e-02       1.551308641805e+00 
       7.954353299775e-02       1.467780317470e+00 
       8.266024078725e-02       1.381727193153e+00 
       8.581273398637e-02       1.295213186716e+00 
       8.901225918437e-02       1.210613044426e+00 
       9.226860540985e-02       1.130293540507e+00 
       9.559052048996e-02       1.056386219134e+00 
       9.898599946599e-02       9.905124464274e-01 
       1.024624891378e-01       9.336644262823e-01 
       1.060270359164e-01       8.860548291880e-01 
       1.096863943056e-01       8.471019470784e-01 
       1.134471073830e-01       8.154452855838e-01 
       1.173155669539e-01       7.890422509027e-01 
       1.212980586983e-01       7.653401868528e-01 
       1.254007961065e-01       7.415926345509e-01 
       1.296299459934e-01       7.152749860877e-01 
       1.339916477160e-01       6.845742789331e-01 
       1.384920277736e-01       6.488277264454e-01 
       1.431372111762e-01       6.087396887855e-01 
       1.479333307714e-01       5.662545755909e-01 
       1.528865355934e-01       5.241029033928e-01 
       1.580029992204e-01       4.851202476084e-01 
       1.632889290723e-01       4.515456715186e-01 
       1.687505775527e-01       4.244363730110e-01 
       1.743942559171e-01       4.034503287993e-01 
       1.802263517371e-01       3.868598208090e-01 
       1.862533508214e-01       3.721793082012e-01 
       1.924818644494e-01       3.566352402495e-01 
       1.989186627765e-01       3.380980466720e-01 
       2.055707152847e-01       3.162177417711e-01 
       2.124452391818e-01       2.924947083896e-01 
       2.195497567139e-01       2.693861478556e-01 
       2.268921624510e-01       2.490557894541e-01 
       2.344808017550e-01       2.326233052680e-01 
       2.423245618548e-01       2.197749677229e-01 
       2.504329772620e-01       2.088263699413e-01 
       2.588163516754e-01       1.976635232519e-01 
       2.674858990930e-01       1.850416595521e-01 
       2.764539076010e-01       1.711550129157e-01 
       2.857339303080e-01       1.574176851569e-01 
       2.953410092148e-01       1.454142674235e-01 
       3.052919395542e-01       1.355939521652e-01 
       3.156055844677e-01       1.271541073112e-01 
       3.263032530092e-01       1.188550024419e-01 
       3.374091587054e-01       1.099870094176e-01 
       3.489509817175e-01       1.010017820430e-01 
       3.609605657343e-01       9.277411396400e-02 
       3.734747921333e-01       8.569724282552e-02 
       3.865366902904e-01       7.927322886473e-02 
       4.001968667448e-01       7.288451382516e-02 
       4.145153713076e-01       6.650336708330e-02 
       4.295641718077e-01       6.056219871439e-02 
       4.454304922144e-01       5.520345110385e-02 
       4.622214006969e-01       5.016601568546e-02 
       4.800702491654e-01       4.522821724670e-02 
       4.991459272112e-01       4.055257874945e-02 
       5.196665217302e-01       3.623982139760e-02 
       5.419201087032e-01       3.209850765498e-02 
       5.662975451962e-01       2.813875055734e-02 
       5.933463737275e-01       2.440575341847e-02 
       6.238638458458e-01       2.081471566782e-02 
       6.590669257916e-01       1.738042736310e-02 
       7.009246080454e-01       1.406224802274e-02 
       7.528593308799e-01       1.084976374336e-02 
       8.213469537518e-01       7.730082151547e-03 
       9.196980813302e-01       4.752874250655e-03 
       1.075112183810e+00       2.166846895286e-03 
       1.322697471132e+00       5.475836262405e-04 
       1.662328205042e+00       3.779349308404e-05 
       2.092692408506e+00       1.051271794274e-05 
       2.634543445090e+00       3.717871633174e-05 
       3.316693691389e+00       2.247969904899e-05 
       4.175469971226e+00       3.789662067010e-06 
       5.256605252960e+00       2.501661755740e-09 
       6.617673932723e+00       2.695161045921e-07 
       8.331157880872e+00       3.195029339373e-08 
       1.048830636590e+01       2.404491816602e-09 
       1.320399541071e+01       5.060328893013e-10 
       1.662284535976e+01       3.224297196923e-11 
       2.092692243973e+01       3.926919303555e-13 
       2.634543445002e+01       2.322709112392e-13 
       3.316693691389e+01       5.353213197599e-14 
       4.175469971226e+01       2.812136479589e-14 
       5.256605252960e+01       1.098516252731e-14 
       6.617673932723e+01       3.977705902064e-15 
