# Matter power spectrum P(k) at redshift z=99
# for k=1.04775e-05 to 157.312 h/Mpc,
# number of wavenumbers equal to 257
#    1:k (h/Mpc)              2:P (Mpc/h)^3        
       1.047750691338e-05       7.261927095263e-03 
       1.131335172818e-05       7.820332150732e-03 
       1.221587619877e-05       8.421675382305e-03 
       1.319039970550e-05       9.069257737976e-03 
       1.424266598317e-05       9.766636451096e-03 
       1.537887697396e-05       1.051763973638e-02 
       1.660572938097e-05       1.132639250749e-02 
       1.793045413791e-05       1.219733201505e-02 
       1.936085902737e-05       1.313524187199e-02 
       2.090537469909e-05       1.414527084974e-02 
       2.257310435923e-05       1.523296544489e-02 
       2.437387742372e-05       1.640429654637e-02 
       2.631830745176e-05       1.766569603283e-02 
       2.841785470091e-05       1.902408711159e-02 
       3.068489367268e-05       2.048692967441e-02 
       3.313278604643e-05       2.206225467545e-02 
       3.577595943165e-05       2.375870883849e-02 
       3.862999240274e-05       2.558560669819e-02 
       4.171170631739e-05       2.755297672505e-02 
       4.503926445983e-05       2.967161933410e-02 
       4.863227909323e-05       3.195316455653e-02 
       5.251192705226e-05       3.441013466131e-02 
       5.670107455699e-05       3.705601741699e-02 
       6.122441198393e-05       3.990533412832e-02 
       6.610859938837e-05       4.297372242527e-02 
       7.138242363583e-05       4.627802054847e-02 
       7.707696806873e-05       4.983636159882e-02 
       8.322579570814e-05       5.366826786927e-02 
       8.986514707061e-05       5.779476319727e-02 
       9.703415376577e-05       6.223848221829e-02 
       1.047750691338e-04       6.702379825014e-02 
       1.131335172818e-04       7.217695031072e-02 
       1.221587619877e-04       7.772619030355e-02 
       1.319039970550e-04       8.370193380034e-02 
       1.424266598317e-04       9.013692506660e-02 
       1.537887697396e-04       9.706641130392e-02 
       1.660572938097e-04       1.045283343110e-01 
       1.793045413791e-04       1.125635329185e-01 
       1.936085902737e-04       1.212159592309e-01 
       2.090537469909e-04       1.305329107436e-01 
       2.257310435923e-04       1.405652819361e-01 
       2.437387742372e-04       1.513678275076e-01 
       2.631830745176e-04       1.629994475134e-01 
       2.841785470091e-04       1.755234890480e-01 
       3.068489367268e-04       1.890080645301e-01 
       3.313278604643e-04       2.035263977434e-01 
       3.577595943165e-04       2.191571778048e-01 
       3.862999240274e-04       2.359849423264e-01 
       4.171170631739e-04       2.541004713007e-01 
       4.503926445983e-04       2.736012061164e-01 
       4.863227909323e-04       2.945916774649e-01 
       5.251192705226e-04       3.171839507870e-01 
       5.670107455699e-04       3.414980769116e-01 
       6.122441198393e-04       3.676625416309e-01 
       6.610859938837e-04       3.958147272874e-01 
       7.138242363583e-04       4.261013332075e-01 
       7.707696806873e-04       4.586787880861e-01 
       8.322579570814e-04       4.937136112834e-01 
       8.986514707061e-04       5.313826962091e-01 
       9.703415376577e-04       5.718735176820e-01 
       1.047750691338e-03       6.153841926268e-01 
       1.131335172818e-03       6.621233623142e-01 
       1.221587619877e-03       7.123098743674e-01 
       1.319039970550e-03       7.661721263809e-01 
       1.424266598317e-03       8.239547181326e-01 
       1.537887697396e-03       8.859012282842e-01 
       1.660572938097e-03       9.522589495777e-01 
       1.793045413791e-03       1.023280284739e+00 
       1.936085902737e-03       1.099216542129e+00 
       2.090537469909e-03       1.180313285062e+00 
       2.257310435923e-03       1.266804486835e+00 
       2.437387742372e-03       1.358905328492e+00 
       2.631830745176e-03       1.456803285980e+00 
       2.841785470091e-03       1.560647663067e+00 
       3.068489367268e-03       1.670537010606e+00 
       3.313278604643e-03       1.786505039667e+00 
       3.577595943165e-03       1.908504410142e+00 
       3.862999240274e-03       2.036389468774e+00 
       4.171170631739e-03       2.169898252805e+00 
       4.503926445983e-03       2.308634491950e+00 
       4.863227909323e-03       2.452050674724e+00 
       5.251192705226e-03       2.599434681033e+00 
       5.670107455699e-03       2.749901126297e+00 
       6.122441198393e-03       2.902390058064e+00 
       6.610859938837e-03       3.055671269435e+00 
       7.138242363583e-03       3.208360122275e+00 
       7.707696806873e-03       3.358926650552e+00 
       8.322579570814e-03       3.505726888744e+00 
       8.986514707061e-03       3.647012436321e+00 
       9.703415376577e-03       3.780926177283e+00 
       1.047750691338e-02       3.905492877934e+00 
       1.131335172818e-02       4.018589822387e+00 
       1.221587619877e-02       4.117902883960e+00 
       1.319039970550e-02       4.200917694028e+00 
       1.424266598317e-02       4.264943730638e+00 
       1.537887697392e-02       4.307219658882e+00 
       1.660572938023e-02       4.325062443840e+00 
       1.793045412706e-02       4.316060373949e+00 
       1.936085890181e-02       4.278228908329e+00 
       2.090537352463e-02       4.210204442158e+00 
       2.257309535333e-02       4.111418707847e+00 
       2.437382002918e-02       3.982420883942e+00 
       2.631799944462e-02       3.825168617335e+00 
       2.841644545389e-02       3.643282154455e+00 
       3.067933355377e-02       3.442198596852e+00 
       3.311368470740e-02       3.229241513745e+00 
       3.571840443502e-02       3.013516172531e+00 
       3.847720348444e-02       2.805284636329e+00 
       4.135335538431e-02       2.614410474895e+00 
       4.429361667738e-02       2.448131926075e+00 
       4.724366439141e-02       2.309240373794e+00 
       5.016480835311e-02       2.196114892586e+00 
       5.303989620246e-02       2.104369521124e+00 
       5.586870669566e-02       2.028462204659e+00 
       5.866042680613e-02       1.963154876873e+00 
       6.142798932958e-02       1.903779243273e+00 
       6.418496440164e-02       1.846478719549e+00 
       6.694418833788e-02       1.788196972054e+00 
       6.971731106057e-02       1.726715167920e+00 
       7.251476155766e-02       1.660653889346e+00 
       7.534587671527e-02       1.589469262008e+00 
       7.821907666265e-02       1.513436129373e+00 
       8.114203772912e-02       1.433568351443e+00 
       8.412184535029e-02       1.351490278618e+00 
       8.716512279304e-02       1.269272639445e+00 
       9.027813695930e-02       1.189192796442e+00 
       9.346688431697e-02       1.113500611234e+00 
       9.673716028275e-02       1.044174083778e+00 
       1.000946150830e-01       9.827056049817e-01 
       1.035447986537e-01       9.299369512863e-01 
       1.070931966762e-01       8.859580980849e-01 
       1.107452594425e-01       8.500706801060e-01 
       1.145064249153e-01       8.208028882105e-01 
       1.183821370918e-01       7.960245374983e-01 
       1.223778605862e-01       7.731453452006e-01 
       1.264990921987e-01       7.494515000919e-01 
       1.307513701367e-01       7.225565570980e-01 
       1.351402814784e-01       6.909078912231e-01 
       1.396714684203e-01       6.541801504218e-01 
       1.443506338194e-01       6.134256592010e-01 
       1.491835465229e-01       5.708671194390e-01 
       1.541760469708e-01       5.293634048670e-01 
       1.593340535561e-01       4.917099550736e-01 
       1.646635702297e-01       4.599190562272e-01 
       1.701706958456e-01       4.347269932530e-01 
       1.758616357459e-01       4.154068773138e-01 
       1.817427160982e-01       3.999358850870e-01 
       1.878204015065e-01       3.856819510004e-01 
       1.941013164283e-01       3.698085788705e-01 
       2.005922709503e-01       3.505456328101e-01 
       2.073002914972e-01       3.280421934492e-01 
       2.142326570816e-01       3.042128131756e-01 
       2.213969417533e-01       2.816106856781e-01 
       2.288010639706e-01       2.622558522169e-01 
       2.364533437147e-01       2.469608264497e-01 
       2.443625682930e-01       2.350122800693e-01 
       2.525380679504e-01       2.244168900249e-01 
       2.609898026346e-01       2.130928947673e-01 
       2.697284615565e-01       2.001010495150e-01 
       2.787655775689e-01       1.860189611940e-01 
       2.881136588829e-01       1.725163237155e-01 
       2.977863412677e-01       1.610650998793e-01 
       3.077985646929e-01       1.517597882025e-01 
       3.181667794071e-01       1.435582805462e-01 
       3.289091877812e-01       1.351806305619e-01 
       3.400460299658e-01       1.261633909494e-01 
       3.515999236474e-01       1.172011181347e-01 
       3.635962711085e-01       1.091760370135e-01 
       3.760637506334e-01       1.023086382970e-01 
       3.890349143879e-01       9.593684546142e-02 
       4.025469216825e-01       8.950686193116e-02 
       4.166424456376e-01       8.311097513531e-02 
       4.313708035863e-01       7.721464960781e-02 
       4.467893782977e-01       7.189976768587e-02 
       4.629654199663e-01       6.686820400882e-02 
       4.799783501994e-01       6.191671554956e-02 
       4.979227319373e-01       5.722141545576e-02 
       5.169121270864e-01       5.290207830755e-02 
       5.370841404489e-01       4.876898497870e-02 
       5.586070464571e-01       4.478994487669e-02 
       5.816885094930e-01       4.105113499549e-02 
       6.065870144995e-01       3.748915462897e-02 
       6.336266468475e-01       3.407547570815e-02 
       6.632156059511e-01       3.083381524701e-02 
       6.958678639262e-01       2.772766716101e-02 
       7.322247985589e-01       2.476646264802e-02 
       7.730680195113e-01       2.193895425131e-02 
       8.193049553677e-01       1.925551992415e-02 
       8.718988016039e-01       1.672871079857e-02 
       9.317218031081e-01       1.438360153121e-02 
       9.993660908989e-01       1.225011259375e-02 
       1.075037110174e+00       1.035207258720e-02 
       1.158653485707e+00       8.699176939000e-03 
       1.250099157308e+00       7.284111532724e-03 
       1.349432401273e+00       6.085009281155e-03 
       1.456947457397e+00       5.075326779507e-03 
       1.573135111331e+00       4.227906550538e-03 
       1.698621895592e+00       3.518168557079e-03 
       1.834127512934e+00       2.924626956632e-03 
       1.980444934528e+00       2.428830719178e-03 
       2.138435191726e+00       2.015198784983e-03 
       2.309029199186e+00       1.670484816075e-03 
       2.493232377687e+00       1.383521118685e-03 
       2.692130395285e+00       1.144877809827e-03 
       2.906895534573e+00       9.466202939632e-04 
       3.138793597714e+00       7.820688152233e-04 
       3.389191366484e+00       6.456169885011e-04 
       3.659564657905e+00       5.325783392468e-04 
       3.951507022538e+00       4.390067925293e-04 
       4.266739136701e+00       3.616272234799e-04 
       4.607118943941e+00       2.976763017930e-04 
       4.974652605557e+00       2.448729469055e-04 
       5.371506324689e+00       2.013072030129e-04 
       5.800019113685e+00       1.653858972109e-04 
       6.262716579983e+00       1.357920643818e-04 
       6.762325811764e+00       1.114269108003e-04 
       7.301791451110e+00       9.138045858859e-05 
       7.884293049406e+00       7.489807355426e-05 
       8.513263807261e+00       6.135482121358e-05 
       9.192410809424e+00       5.023320820049e-05 
       9.925736873929e+00       4.110614286488e-05 
       1.071756414427e+01       3.361964264164e-05 
       1.157255956364e+01       2.748307070827e-05 
       1.249576238137e+01       2.245506337132e-05 
       1.349261385375e+01       1.833799295313e-05 
       1.456898931416e+01       1.496866576035e-05 
       1.573123280165e+01       1.221258597273e-05 
       1.698619445202e+01       9.959243746124e-06 
       1.834127087176e+01       8.117904784848e-06 
       1.980444873285e+01       6.613949499536e-06 
       2.138435184532e+01       5.386134793852e-06 
       2.309029198506e+01       4.384221885272e-06 
       2.493232377636e+01       3.567046184658e-06 
       2.692130395282e+01       2.900847942801e-06 
       2.906895534573e+01       2.357952053557e-06 
       3.138793597714e+01       1.915765339602e-06 
       3.389191366484e+01       1.555737216198e-06 
       3.659564657905e+01       1.262753942085e-06 
       3.951507022538e+01       1.024420960779e-06 
       4.266739136701e+01       8.306510398507e-07 
       4.607118943941e+01       6.731460898629e-07 
       4.974652605557e+01       5.452001330883e-07 
       5.371506324689e+01       4.413129202912e-07 
       5.800019113685e+01       3.569992985696e-07 
       6.262716579983e+01       2.885941593803e-07 
       6.762325811764e+01       2.331355770443e-07 
       7.301791451110e+01       1.881932074925e-07 
       7.884293049406e+01       1.517883432680e-07 
       8.513263807261e+01       1.223174516217e-07 
       9.192410809424e+01       9.847483031404e-08 
       9.925736873929e+01       7.919657539306e-08 
       1.071756414427e+02       6.362011751466e-08 
       1.157255956364e+02       5.104275848309e-08 
       1.249576238137e+02       4.089561984872e-08 
       1.349261385375e+02       3.271599262140e-08 
       1.456898931416e+02       2.612841069009e-08 
       1.573123280165e+02       2.082825098052e-08 
