# Matter power spectrum P(k) at redshift z=0
# for k=1.04775e-05 to 157.312 h/Mpc,
# number of wavenumbers equal to 257
#    1:k (h/Mpc)              2:P (Mpc/h)^3        
       1.047750691338e-05       5.020963906804e+01 
       1.131335172818e-05       5.407048937148e+01 
       1.221587619877e-05       5.822820724029e+01 
       1.319039970550e-05       6.270562047247e+01 
       1.424266598317e-05       6.752731476098e+01 
       1.537887697396e-05       7.271975715395e+01 
       1.660572938097e-05       7.831147101246e+01 
       1.793045413791e-05       8.433312302135e+01 
       1.936085902737e-05       9.081780130646e+01 
       2.090537469909e-05       9.780107449244e+01 
       2.257310435923e-05       1.053212938596e+02 
       2.437387742372e-05       1.134197268469e+02 
       2.631830745176e-05       1.221408285624e+02 
       2.841785470091e-05       1.315324590474e+02 
       3.068489367268e-05       1.416461671358e+02 
       3.313278604643e-05       1.525374478895e+02 
       3.577595943165e-05       1.642660517236e+02 
       3.862999240274e-05       1.768963429378e+02 
       4.171170631739e-05       1.904975997820e+02 
       4.503926445983e-05       2.051444243234e+02 
       4.863227909323e-05       2.209171412049e+02 
       5.251192705226e-05       2.379022266146e+02 
       5.670107455699e-05       2.561927841239e+02 
       6.122441198393e-05       2.758890479565e+02 
       6.610859938837e-05       2.970989213980e+02 
       7.138242363583e-05       3.199385559930e+02 
       7.707696806873e-05       3.445329727006e+02 
       8.322579570814e-05       3.710167324011e+02 
       8.986514707061e-05       3.995346444121e+02 
       9.703415376577e-05       4.302425389349e+02 
       1.047750691338e-04       4.633080773458e+02 
       1.131335172818e-04       4.989116271546e+02 
       1.221587619877e-04       5.372471938794e+02 
       1.319039970550e-04       5.785234116883e+02 
       1.424266598317e-04       6.229645933131e+02 
       1.537887697396e-04       6.708118487511e+02 
       1.660572938097e-04       7.223242657764e+02 
       1.793045413791e-04       7.777801571271e+02 
       1.936085902737e-04       8.374783638365e+02 
       2.090537469909e-04       9.017396276763e+02 
       2.257310435923e-04       9.709080297651e+02 
       2.437387742372e-04       1.045352453376e+03 
       2.631830745176e-04       1.125468127721e+03 
       2.841785470091e-04       1.211678185928e+03 
       3.068489367268e-04       1.304435256065e+03 
       3.313278604643e-04       1.404223062921e+03 
       3.577595943165e-04       1.511558029577e+03 
       3.862999240274e-04       1.626990852555e+03 
       4.171170631739e-04       1.751108045602e+03 
       4.503926445983e-04       1.884533404755e+03 
       4.863227909323e-04       2.027929406956e+03 
       5.251192705226e-04       2.181998483913e+03 
       5.670107455699e-04       2.347484146066e+03 
       6.122441198393e-04       2.525171925196e+03 
       6.610859938837e-04       2.715890054979e+03 
       7.138242363583e-04       2.920509779320e+03 
       7.707696806873e-04       3.139945208051e+03 
       8.322579570814e-04       3.375152477019e+03 
       8.986514707061e-04       3.627128020462e+03 
       9.703415376577e-04       3.896905669505e+03 
       1.047750691338e-03       4.185552452613e+03 
       1.131335172818e-03       4.494162775570e+03 
       1.221587619877e-03       4.823851150591e+03 
       1.319039970550e-03       5.175743278705e+03 
       1.424266598317e-03       5.551020298675e+03 
       1.537887697396e-03       5.950789185423e+03 
       1.660572938097e-03       6.376124150043e+03 
       1.793045413791e-03       6.828075236577e+03 
       1.936085902737e-03       7.307627051040e+03 
       2.090537469909e-03       7.815673959037e+03 
       2.257310435923e-03       8.352992922962e+03 
       2.437387742372e-03       8.920214306326e+03 
       2.631830745176e-03       9.517787166661e+03 
       2.841785470091e-03       1.014594130666e+04 
       3.068489367268e-03       1.080465136471e+04 
       3.313278604643e-03       1.149358239498e+04 
       3.577595943165e-03       1.221204586838e+04 
       3.862999240274e-03       1.295893666465e+04 
       4.171170631739e-03       1.373267338578e+04 
       4.503926445983e-03       1.453113499978e+04 
       4.863227909323e-03       1.535157115235e+04 
       5.251192705226e-03       1.619066155245e+04 
       5.670107455699e-03       1.704433881254e+04 
       6.122441198393e-03       1.790758124971e+04 
       6.610859938837e-03       1.877461996957e+04 
       7.138242363583e-03       1.963874650769e+04 
       7.707696806873e-03       2.049217385640e+04 
       8.322579570814e-03       2.132608015239e+04 
       8.986514707061e-03       2.213056719550e+04 
       9.703415376577e-03       2.289447299536e+04 
       1.047750691338e-02       2.360549528442e+04 
       1.131335172818e-02       2.425024127715e+04 
       1.221587619877e-02       2.481424707828e+04 
       1.319039970550e-02       2.528219967270e+04 
       1.424266598317e-02       2.563815130573e+04 
       1.537887697392e-02       2.586607615316e+04 
       1.660572938023e-02       2.595027127358e+04 
       1.793045412706e-02       2.587635581355e+04 
       1.936085890181e-02       2.563219803398e+04 
       2.090537352463e-02       2.520936140532e+04 
       2.257309535333e-02       2.460445455413e+04 
       2.437382002918e-02       2.382088324977e+04 
       2.631799944462e-02       2.287044898569e+04 
       2.841644545389e-02       2.177449873457e+04 
       3.067933355377e-02       2.056556861676e+04 
       3.311368470740e-02       1.928731573305e+04 
       3.571840443502e-02       1.799402138930e+04 
       3.847720348444e-02       1.674684797052e+04 
       4.135335538431e-02       1.560459804287e+04 
       4.429361667738e-02       1.461037910330e+04 
       4.724366439141e-02       1.378055974596e+04 
       5.016480835311e-02       1.310505580032e+04 
       5.303989620246e-02       1.255718175635e+04 
       5.586870669566e-02       1.210424146414e+04 
       5.866042680613e-02       1.171465449488e+04 
       6.142798932958e-02       1.136047212949e+04 
       6.418496440164e-02       1.101855289836e+04 
       6.694418833788e-02       1.067067496704e+04 
       6.971731106057e-02       1.030357894948e+04 
       7.251476155766e-02       9.909011156336e+03 
       7.534587671527e-02       9.483730135579e+03 
       7.821907666265e-02       9.029496418496e+03 
       8.114203772912e-02       8.552310370660e+03 
       8.412184535029e-02       8.061884332022e+03 
       8.716512279304e-02       7.570758104961e+03 
       9.027813695930e-02       7.092496107966e+03 
       9.346688431697e-02       6.640519180705e+03 
       9.673716028275e-02       6.226705460756e+03 
       1.000946150830e-01       5.859930754475e+03 
       1.035447986537e-01       5.545272656039e+03 
       1.070931966762e-01       5.283140420714e+03 
       1.107452594425e-01       5.069426502904e+03 
       1.145064249153e-01       4.895253070815e+03 
       1.183821370918e-01       4.747842580086e+03 
       1.223778605862e-01       4.611722389712e+03 
       1.264990921987e-01       4.470608316241e+03 
       1.307513701367e-01       4.310251965833e+03 
       1.351402814784e-01       4.121372240139e+03 
       1.396714684203e-01       3.902060179029e+03 
       1.443506338194e-01       3.658647843408e+03 
       1.491835465229e-01       3.404488521338e+03 
       1.541760469708e-01       3.156661338752e+03 
       1.593340535561e-01       2.931946422688e+03 
       1.646635702297e-01       2.742361397339e+03 
       1.701706958456e-01       2.592240705080e+03 
       1.758616357459e-01       2.477226813790e+03 
       1.817427160982e-01       2.385168053690e+03 
       1.878204015065e-01       2.300351995571e+03 
       1.941013164283e-01       2.205743251401e+03 
       2.005922709503e-01       2.090803430348e+03 
       2.073002914972e-01       1.956450876256e+03 
       2.142326570816e-01       1.814178690729e+03 
       2.213969417533e-01       1.679270184515e+03 
       2.288010639706e-01       1.563829474344e+03 
       2.364533437147e-01       1.472669691292e+03 
       2.443625682930e-01       1.401507111032e+03 
       2.525380679504e-01       1.338399938807e+03 
       2.609898026346e-01       1.270888857370e+03 
       2.697284615565e-01       1.193371876859e+03 
       2.787655775689e-01       1.109327574363e+03 
       2.881136588829e-01       1.028755178438e+03 
       2.977863412677e-01       9.604667907121e+02 
       3.077985646929e-01       9.050088370178e+02 
       3.181667794071e-01       8.561313051911e+02 
       3.289091877812e-01       8.061739956511e+02 
       3.400460299658e-01       7.523781884106e+02 
       3.515999236474e-01       6.989090180440e+02 
       3.635962711085e-01       6.510486728649e+02 
       3.760637506334e-01       6.101080680324e+02 
       3.890349143879e-01       5.721190008046e+02 
       4.025469216825e-01       5.337694323124e+02 
       4.166424456376e-01       4.956190381952e+02 
       4.313708035863e-01       4.604551268171e+02 
       4.467893782977e-01       4.287629408302e+02 
       4.629654199663e-01       3.987602661993e+02 
       4.799783501994e-01       3.692293916679e+02 
       4.979227319373e-01       3.412273211648e+02 
       5.169121270864e-01       3.154715552306e+02 
       5.370841404489e-01       2.908244284768e+02 
       5.586070464571e-01       2.670938834781e+02 
       5.816885094930e-01       2.447982517659e+02 
       6.065870144995e-01       2.235566272652e+02 
       6.336266468475e-01       2.031992343394e+02 
       6.632156059511e-01       1.838676545306e+02 
       6.958678639262e-01       1.653443777887e+02 
       7.322247985589e-01       1.476857133498e+02 
       7.730680195113e-01       1.308241693706e+02 
       8.193049553677e-01       1.148218633957e+02 
       8.718988016039e-01       9.975349606960e+01 
       9.317218031081e-01       8.576908201296e+01 
       9.993660908989e-01       7.304645811156e+01 
       1.075037110174e+00       6.172795101540e+01 
       1.158653485707e+00       5.187132557553e+01 
       1.250099157308e+00       4.343303712926e+01 
       1.349432401273e+00       3.628249215448e+01 
       1.456947457397e+00       3.026164670269e+01 
       1.573135111331e+00       2.520844406331e+01 
       1.698621895592e+00       2.097624937613e+01 
       1.834127512934e+00       1.743700129204e+01 
       1.980444934528e+00       1.448053699641e+01 
       2.138435191726e+00       1.201415948713e+01 
       2.309029199186e+00       9.958709385910e+00 
       2.493232377687e+00       8.247630708421e+00 
       2.692130395285e+00       6.824708335612e+00 
       2.906895534573e+00       5.642597339972e+00 
       3.138793597714e+00       4.661497146002e+00 
       3.389191366484e+00       3.847926645087e+00 
       3.659564657905e+00       3.173982513574e+00 
       3.951507022538e+00       2.616124023987e+00 
       4.266739136701e+00       2.154808985995e+00 
       4.607118943941e+00       1.773567191645e+00 
       4.974652605557e+00       1.458795878244e+00 
       5.371506324689e+00       1.199101591058e+00 
       5.800019113685e+00       9.849927788063e-01 
       6.262716579983e+00       8.086061703036e-01 
       6.762325811764e+00       6.633950551358e-01 
       7.301791451110e+00       5.439321727118e-01 
       7.884293049406e+00       4.457170490143e-01 
       8.513263807261e+00       3.650238473181e-01 
       9.192410809424e+00       2.987664147271e-01 
       9.925736873929e+00       2.443998179291e-01 
       1.071756414427e+01       1.998117933019e-01 
       1.157255956364e+01       1.632690533688e-01 
       1.249576238137e+01       1.333335956386e-01 
       1.349261385375e+01       1.088272830220e-01 
       1.456898931416e+01       8.877629216554e-02 
       1.573123280165e+01       7.237979505216e-02 
       1.698619445202e+01       5.897781401118e-02 
       1.834127087176e+01       4.803034303237e-02 
       1.980444873285e+01       3.909244623293e-02 
       2.138435184532e+01       3.179862388606e-02 
       2.309029198506e+01       2.585028180676e-02 
       2.493232377636e+01       2.100102006209e-02 
       2.692130395282e+01       1.705053944652e-02 
       2.906895534573e+01       1.383349628930e-02 
       3.138793597714e+01       1.121552838758e-02 
       3.389191366484e+01       9.086062860771e-03 
       3.659564657905e+01       7.354986414599e-03 
       3.951507022538e+01       5.948586485907e-03 
       4.266739136701e+01       4.806680506595e-03 
       4.607118943941e+01       3.879973281950e-03 
       4.974652605557e+01       3.128716718565e-03 
       5.371506324689e+01       2.519880290944e-03 
       5.800019113685e+01       2.026880876017e-03 
       6.262716579983e+01       1.628027539359e-03 
       6.762325811764e+01       1.305661878229e-03 
       7.301791451110e+01       1.045332436687e-03 
       7.884293049406e+01       8.353098389139e-04 
       8.513263807261e+01       6.661048064875e-04 
       9.192410809424e+01       5.299316477299e-04 
       9.925736873929e+01       4.204674597507e-04 
       1.071756414427e+02       3.326442552423e-04 
       1.157255956364e+02       2.623111777483e-04 
       1.249576238137e+02       2.060811995979e-04 
       1.349261385375e+02       1.612531682313e-04 
       1.456898931416e+02       1.255940633129e-04 
       1.573123280165e+02       9.730675567557e-05 
