# Matter power spectrum P(k) at redshift z=0
# for k=1.04775e-05 to 157.312 h/Mpc,
# number of wavenumbers equal to 257
#    1:k (h/Mpc)              2:P (Mpc/h)^3        
       1.047750691338e-05       5.020963906805e+01 
       1.131335172818e-05       5.407048937158e+01 
       1.221587619877e-05       5.822820724031e+01 
       1.319039970550e-05       6.270562047313e+01 
       1.424266598317e-05       6.752731476099e+01 
       1.537887697396e-05       7.271975715398e+01 
       1.660572938097e-05       7.831147101240e+01 
       1.793045413791e-05       8.433312302131e+01 
       1.936085902737e-05       9.081780130647e+01 
       2.090537469909e-05       9.780107457441e+01 
       2.257310435923e-05       1.053212938596e+02 
       2.437387742372e-05       1.134197268469e+02 
       2.631830745176e-05       1.221408285661e+02 
       2.841785470091e-05       1.315324590474e+02 
       3.068489367268e-05       1.416461671112e+02 
       3.313278604643e-05       1.525374479892e+02 
       3.577595943165e-05       1.642660516118e+02 
       3.862999240274e-05       1.768963429280e+02 
       4.171170631739e-05       1.904975997805e+02 
       4.503926445983e-05       2.051444243234e+02 
       4.863227909323e-05       2.209171412042e+02 
       5.251192705226e-05       2.379022266180e+02 
       5.670107455699e-05       2.561927841272e+02 
       6.122441198393e-05       2.758890478149e+02 
       6.610859938837e-05       2.970989214066e+02 
       7.138242363583e-05       3.199385559930e+02 
       7.707696806873e-05       3.445329727005e+02 
       8.322579570814e-05       3.710167323982e+02 
       8.986514707061e-05       3.995346444133e+02 
       9.703415376577e-05       4.302425389350e+02 
       1.047750691338e-04       4.633080773457e+02 
       1.131335172818e-04       4.989116273622e+02 
       1.221587619877e-04       5.372471938788e+02 
       1.319039970550e-04       5.785234116766e+02 
       1.424266598317e-04       6.229645933197e+02 
       1.537887697396e-04       6.708118487481e+02 
       1.660572938097e-04       7.223242657736e+02 
       1.793045413791e-04       7.777801571140e+02 
       1.936085902737e-04       8.374783638364e+02 
       2.090537469909e-04       9.017396277423e+02 
       2.257310435923e-04       9.709080297651e+02 
       2.437387742372e-04       1.045352453373e+03 
       2.631830745176e-04       1.125468127721e+03 
       2.841785470091e-04       1.211678185928e+03 
       3.068489367268e-04       1.304435256065e+03 
       3.313278604643e-04       1.404223062923e+03 
       3.577595943165e-04       1.511558029577e+03 
       3.862999240274e-04       1.626990852555e+03 
       4.171170631739e-04       1.751108045601e+03 
       4.503926445983e-04       1.884533404753e+03 
       4.863227909323e-04       2.027929406956e+03 
       5.251192705226e-04       2.181998483911e+03 
       5.670107455699e-04       2.347484146066e+03 
       6.122441198393e-04       2.525171925192e+03 
       6.610859938837e-04       2.715890054973e+03 
       7.138242363583e-04       2.920509779314e+03 
       7.707696806873e-04       3.139945208040e+03 
       8.322579570814e-04       3.375152477001e+03 
       8.986514707061e-04       3.627128020438e+03 
       9.703415376577e-04       3.896905669483e+03 
       1.047750691338e-03       4.185552452566e+03 
       1.131335172818e-03       4.494162775499e+03 
       1.221587619877e-03       4.823851150490e+03 
       1.319039970550e-03       5.175743278562e+03 
       1.424266598317e-03       5.551020298464e+03 
       1.537887697396e-03       5.950789185111e+03 
       1.660572938097e-03       6.376124149585e+03 
       1.793045413791e-03       6.828075235907e+03 
       1.936085902737e-03       7.307627050068e+03 
       2.090537469909e-03       7.815673957636e+03 
       2.257310435923e-03       8.352992920948e+03 
       2.437387742372e-03       8.920214303394e+03 
       2.631830745176e-03       9.517787162567e+03 
       2.841785470091e-03       1.014594130086e+04 
       3.068489367268e-03       1.080465135652e+04 
       3.313278604643e-03       1.149358238345e+04 
       3.577595943165e-03       1.221204585224e+04 
       3.862999240274e-03       1.295893664212e+04 
       4.171170631739e-03       1.373267335449e+04 
       4.503926445983e-03       1.453113495642e+04 
       4.863227909323e-03       1.535157109136e+04 
       5.251192705226e-03       1.619066146355e+04 
       5.670107455699e-03       1.704433869945e+04 
       6.122441198393e-03       1.790758169768e+04 
       6.610859938837e-03       1.877462058255e+04 
       7.138242363583e-03       1.963873906171e+04 
       7.707696806873e-03       2.049217358742e+04 
       8.322579570814e-03       2.132608698563e+04 
       8.986514707061e-03       2.213056892661e+04 
       9.703415376577e-03       2.289447086117e+04 
       1.047750691338e-02       2.360549931441e+04 
       1.131335172818e-02       2.425023987720e+04 
       1.221587619877e-02       2.481424497271e+04 
       1.319039970550e-02       2.528219715304e+04 
       1.424266598317e-02       2.563814765662e+04 
       1.537887697392e-02       2.586607128086e+04 
       1.660572938023e-02       2.595026530190e+04 
       1.793045412706e-02       2.587634754926e+04 
       1.936085890181e-02       2.563218710717e+04 
       2.090537352463e-02       2.520935014441e+04 
       2.257309535333e-02       2.460443784606e+04 
       2.437382002918e-02       2.382087197554e+04 
       2.631799944462e-02       2.287042369216e+04 
       2.841644545389e-02       2.177446622574e+04 
       3.067933355377e-02       2.056553049670e+04 
       3.311368470740e-02       1.928726965667e+04 
       3.571840443502e-02       1.799396640230e+04 
       3.847720348444e-02       1.674678313095e+04 
       4.135335538431e-02       1.560452207050e+04 
       4.429361667738e-02       1.461029262307e+04 
       4.724366439141e-02       1.378046203586e+04 
       5.016480835311e-02       1.310494692117e+04 
       5.303989620246e-02       1.255706213523e+04 
       5.586870669566e-02       1.210410939896e+04 
       5.866042680613e-02       1.171451533260e+04 
       6.142798932958e-02       1.136032325302e+04 
       6.418496440164e-02       1.101839566511e+04 
       6.694418833788e-02       1.067053058450e+04 
       6.971731106057e-02       1.030340093235e+04 
       7.251476155766e-02       9.908833390887e+03 
       7.534587671527e-02       9.483548984483e+03 
       7.821907666265e-02       9.029309133418e+03 
       8.114203772912e-02       8.552118124497e+03 
       8.412184535029e-02       8.061696376193e+03 
       8.716512279304e-02       7.570561309309e+03 
       9.027813695930e-02       7.092284926916e+03 
       9.346688431697e-02       6.640313297708e+03 
       9.673716028275e-02       6.226495763400e+03 
       1.000946150830e-01       5.859716662203e+03 
       1.035447986537e-01       5.545045792289e+03 
       1.070931966762e-01       5.282915644864e+03 
       1.107452594425e-01       5.069195422157e+03 
       1.145064249153e-01       4.895014104955e+03 
       1.183821370918e-01       4.747596285440e+03 
       1.223778605862e-01       4.611449143499e+03 
       1.264990921987e-01       4.470342681507e+03 
       1.307513701367e-01       4.309989239765e+03 
       1.351402814784e-01       4.121105562387e+03 
       1.396714684203e-01       3.901791887069e+03 
       1.443506338194e-01       3.658378960838e+03 
       1.491835465229e-01       3.404219895705e+03 
       1.541760469708e-01       3.156393581047e+03 
       1.593340535561e-01       2.931678380466e+03 
       1.646635702297e-01       2.742092298248e+03 
       1.701706958456e-01       2.591968456596e+03 
       1.758616357459e-01       2.476949683330e+03 
       1.817427160982e-01       2.384886944526e+03 
       1.878204015065e-01       2.300066239807e+03 
       1.941013164283e-01       2.205454470185e+03 
       2.005922709503e-01       2.090513852750e+03 
       2.073002914972e-01       1.956160730897e+03 
       2.142326570816e-01       1.813891367781e+03 
       2.213969417533e-01       1.678984595263e+03 
       2.288010639706e-01       1.563545799505e+03 
       2.364533437147e-01       1.472385125300e+03 
       2.443625682930e-01       1.401220551456e+03 
       2.525380679504e-01       1.338111089921e+03 
       2.609898026346e-01       1.270600123705e+03 
       2.697284615565e-01       1.193080971386e+03 
       2.787655775689e-01       1.109038940459e+03 
       2.881136588829e-01       1.028469968048e+03 
       2.977863412677e-01       9.601846325605e+02 
       3.077985646929e-01       9.047277442541e+02 
       3.181667794071e-01       8.558493669425e+02 
       3.289091877812e-01       8.058923044631e+02 
       3.400460299658e-01       7.520997287819e+02 
       3.515999236474e-01       6.986321836538e+02 
       3.635962711085e-01       6.507762250271e+02 
       3.760637506334e-01       6.098357530979e+02 
       3.890349143879e-01       5.718481230654e+02 
       4.025469216825e-01       5.334992252325e+02 
       4.166424456376e-01       4.953531538860e+02 
       4.313708035863e-01       4.601921534615e+02 
       4.467893782977e-01       4.285033242793e+02 
       4.629654199663e-01       3.985020743837e+02 
       4.799783501994e-01       3.689748308060e+02 
       4.979227319373e-01       3.409755399490e+02 
       5.169121270864e-01       3.152227927349e+02 
       5.370841404489e-01       2.905786045192e+02 
       5.586070464571e-01       2.668520447291e+02 
       5.816885094930e-01       2.445600121763e+02 
       6.065870144995e-01       2.233220969550e+02 
       6.336266468475e-01       2.029682967825e+02 
       6.632156059511e-01       1.836416989510e+02 
       6.958678639262e-01       1.651229491347e+02 
       7.322247985589e-01       1.474691968997e+02 
       7.730680195113e-01       1.306129026431e+02 
       8.193049553677e-01       1.146162976068e+02 
       8.718988016039e-01       9.955403733410e+01 
       9.317218031081e-01       8.557598344632e+01 
       9.993660908989e-01       7.286024209915e+01 
       1.075037110174e+00       6.154878422580e+01 
       1.158653485707e+00       5.169928238192e+01 
       1.250099157308e+00       4.326796844219e+01 
       1.349432401273e+00       3.612428457772e+01 
       1.456947457397e+00       3.011009416224e+01 
       1.573135111331e+00       2.506365476513e+01 
       1.698621895592e+00       2.083808951689e+01 
       1.834127512934e+00       1.730506105332e+01 
       1.980444934528e+00       1.435465761349e+01 
       2.138435191726e+00       1.189415351914e+01 
       2.309029199186e+00       9.844354643134e+00 
       2.493232377687e+00       8.138809739148e+00 
       2.692130395285e+00       6.721157039215e+00 
       2.906895534573e+00       5.544134566057e+00 
       3.138793597714e+00       4.567950073825e+00 
       3.389191366484e+00       3.759114216371e+00 
       3.659564657905e+00       3.089692181485e+00 
       3.951507022538e+00       2.536218232273e+00 
       4.266739136701e+00       2.079066075326e+00 
       4.607118943941e+00       1.701870752498e+00 
       4.974652605557e+00       1.390972825463e+00 
       5.371506324689e+00       1.134999174470e+00 
       5.800019113685e+00       9.244742689474e-01 
       6.262716579983e+00       7.515309877314e-01 
       6.762325811764e+00       6.096351491968e-01 
       7.301791451110e+00       4.933591099327e-01 
       7.884293049406e+00       3.982112945578e-01 
       8.513263807261e+00       3.204680058059e-01 
       9.192410809424e+00       2.570538445985e-01 
       9.925736873929e+00       2.054219496142e-01 
       1.071756414427e+01       1.634721480819e-01 
       1.157255956364e+01       1.294696817651e-01 
       1.249576238137e+01       1.019846769584e-01 
       1.349261385375e+01       7.983620026271e-02 
       1.456898931416e+01       6.205450852437e-02 
       1.573123280165e+01       4.783962554674e-02 
       1.698619445202e+01       3.653372795560e-02 
       1.834127087176e+01       2.759465926115e-02 
       1.980444873285e+01       2.057804361332e-02 
       2.138435184532e+01       1.511707612785e-02 
       2.309029198506e+01       1.091001364306e-02 
       2.493232377636e+01       7.709012081375e-03 
       2.692130395282e+01       5.309768542469e-03 
       2.906895534573e+01       3.544332324125e-03 
       3.138793597714e+01       2.274981313949e-03 
       3.389191366484e+01       1.388307946212e-03 
       3.659564657905e+01       7.919231103542e-04 
       3.951507022538e+01       4.104815078612e-04 
       4.266739136701e+01       1.834836742810e-04 
       4.607118943941e+01       6.280402087766e-05 
       4.974652605557e+01       1.108675161922e-05 
       5.371506324689e+01       9.803878862767e-08 
       5.800019113685e+01       9.455546522180e-06 
       6.262716579983e+01       2.537825237371e-05 
       6.762325811764e+01       3.949363486305e-05 
       7.301791451110e+01       4.769740513162e-05 
       7.884293049406e+01       4.897582388563e-05 
       8.513263807261e+01       4.440597107703e-05 
       9.192410809424e+01       3.604713932170e-05 
       9.925736873929e+01       2.622872541346e-05 
       1.071756414427e+02       1.695869968982e-05 
       1.157255956364e+02       9.521694122377e-06 
       1.249576238137e+02       4.423241722514e-06 
       1.349261385375e+02       1.526999368045e-06 
       1.456898931416e+02       2.786978891784e-07 
       1.573123280165e+02       1.273105973905e-11 
