# Matter power spectrum P(k) at redshift z=99
# for k=1.04775e-05 to 66.1767 h/Mpc,
# number of wavenumbers equal to 130
#    1:k (h/Mpc)              2:P (Mpc/h)^3        
       1.047750691046e-05       7.261927680907e-03 
       1.319039970183e-05       9.069258201906e-03 
       1.660572937635e-05       1.132639106732e-02 
       2.090537469327e-05       1.414527123408e-02 
       2.631830744443e-05       1.766569584069e-02 
       3.313278603720e-05       2.206225515956e-02 
       4.171170630578e-05       2.755297766294e-02 
       5.251192703764e-05       3.441013522969e-02 
       6.610859936996e-05       4.297372172805e-02 
       8.322579568497e-05       5.366826852978e-02 
       1.047750691046e-04       6.702379872816e-02 
       1.319039970183e-04       8.370193441338e-02 
       1.660572937635e-04       1.045283355391e-01 
       2.090537469327e-04       1.305329134112e-01 
       2.631830744443e-04       1.629994506615e-01 
       3.313278603720e-04       2.035264004614e-01 
       4.171170630578e-04       2.541004744258e-01 
       5.251192703764e-04       3.171839528576e-01 
       6.610859936996e-04       3.958147256535e-01 
       8.322579568497e-04       4.937136006535e-01 
       1.047750691046e-03       6.153841636074e-01 
       1.319039970183e-03       7.661720592871e-01 
       1.660572937635e-03       9.522588016450e-01 
       2.090537469327e-03       1.180312991698e+00 
       2.631830744443e-03       1.456802684672e+00 
       3.313278603720e-03       1.786503854002e+00 
       4.171170630578e-03       2.169896178650e+00 
       5.251192703764e-03       2.599430630435e+00 
       6.610859936996e-03       3.055668704980e+00 
       8.322579568497e-03       3.505725596696e+00 
       1.047750691046e-02       3.905490501086e+00 
       1.319039970183e-02       4.200915341622e+00 
       1.660572937633e-02       4.325066194000e+00 
       2.090537453514e-02       4.210200933738e+00 
       2.631818545635e-02       3.825154028906e+00 
       3.311571692125e-02       3.229063787392e+00 
       4.113809243311e-02       2.627726584290e+00 
       4.792590854610e-02       2.280783694757e+00 
       5.284436902701e-02       2.110082727736e+00 
       5.689644391095e-02       2.003537793236e+00 
       6.051252627066e-02       1.923058496521e+00 
       6.388413457411e-02       1.852733091493e+00 
       6.711249296401e-02       1.784562176618e+00 
       7.025823437965e-02       1.714274806403e+00 
       7.336115587705e-02       1.639814048895e+00 
       7.644928796912e-02       1.560660011275e+00 
       7.954353299775e-02       1.477456485945e+00 
       8.266024078725e-02       1.391696105064e+00 
       8.581273398637e-02       1.305462494125e+00 
       8.901225918437e-02       1.221125859960e+00 
       9.226860540985e-02       1.141077568921e+00 
       9.559052048996e-02       1.067450147817e+00 
       9.898599946599e-02       1.001889332924e+00 
       1.024624891378e-01       9.453799939889e-01 
       1.060270359164e-01       8.981501407591e-01 
       1.096863943056e-01       8.596127998250e-01 
       1.134471073830e-01       8.284056286624e-01 
       1.173155669539e-01       8.024668505796e-01 
       1.212980586983e-01       7.792279555073e-01 
       1.254007961065e-01       7.559169263178e-01 
       1.296299459934e-01       7.299814693172e-01 
       1.339916477160e-01       6.995916149669e-01 
       1.384920277736e-01       6.640771100299e-01 
       1.431372111762e-01       6.241458651169e-01 
       1.479333307714e-01       5.817627123009e-01 
       1.528865355934e-01       5.396893197864e-01 
       1.580029992204e-01       5.008138276888e-01 
       1.632889290723e-01       4.673981640867e-01 
       1.687505775527e-01       4.405340137459e-01 
       1.743942559171e-01       4.198651931645e-01 
       1.802263517371e-01       4.036593021510e-01 
       1.862533508214e-01       3.893589806978e-01 
       1.924818644494e-01       3.741342170684e-01 
       1.989186627765e-01       3.558011093751e-01 
       2.055707152847e-01       3.339982132419e-01 
       2.124452391818e-01       3.102644555284e-01 
       2.195497567139e-01       2.871220340015e-01 
       2.268921624510e-01       2.668076605945e-01 
       2.344808017550e-01       2.504824146185e-01 
       2.423245618548e-01       2.378327775414e-01 
       2.504329772620e-01       2.271107764804e-01 
       2.588163516754e-01       2.161165015975e-01 
       2.674858990930e-01       2.035441954086e-01 
       2.764539076010e-01       1.895968301755e-01 
       2.857339303080e-01       1.757561793865e-01 
       2.953410092148e-01       1.636986060685e-01 
       3.052919395542e-01       1.539054737807e-01 
       3.156055844677e-01       1.455303095087e-01 
       3.263032530092e-01       1.372493053617e-01 
       3.374091587054e-01       1.283008276196e-01 
       3.489509817175e-01       1.191707715795e-01 
       3.609605657343e-01       1.108064731396e-01 
       3.734747921333e-01       1.036442367875e-01 
       3.865366902904e-01       9.714059833508e-02 
       4.001968667448e-01       9.061492935677e-02 
       4.145153713076e-01       8.403633302254e-02 
       4.295641718077e-01       7.789047586703e-02 
       4.454304922144e-01       7.234126826933e-02 
       4.622214006969e-01       6.709313045408e-02 
       4.800702491654e-01       6.189116823653e-02 
       4.991459272112e-01       5.692563368683e-02 
       5.196665217302e-01       5.231556968400e-02 
       5.419201087032e-01       4.783194452660e-02 
       5.662975451962e-01       4.348627897435e-02 
       5.933463737275e-01       3.933046447026e-02 
       6.238638458458e-01       3.525281899308e-02 
       6.590669257916e-01       3.126243790877e-02 
       7.009246080454e-01       2.728673342145e-02 
       7.528593308799e-01       2.327784296064e-02 
       8.213469537518e-01       1.914773819696e-02 
       9.196980813302e-01       1.481652906374e-02 
       1.075112183810e+00       1.035048631873e-02 
       1.322697471132e+00       6.379053225760e-03 
       1.662328205042e+00       3.705331756897e-03 
       2.092692408506e+00       2.124258817655e-03 
       2.634543445090e+00       1.207729285796e-03 
       3.316693691389e+00       6.815229955081e-04 
       4.175469971226e+00       3.819689708501e-04 
       5.256605252960e+00       2.127515068866e-04 
       6.617673932723e+00       1.178248203596e-04 
       8.331157880872e+00       6.491075533121e-05 
       1.048830636590e+01       3.558467316893e-05 
       1.320399541071e+01       1.941927279524e-05 
       1.662284535976e+01       1.055138998252e-05 
       2.092692243973e+01       5.709205436623e-06 
       2.634543445002e+01       3.076512188675e-06 
       3.316693691389e+01       1.650949270755e-06 
       4.175469971226e+01       8.821282217547e-07 
       5.256605252960e+01       4.690984774026e-07 
       6.617673932723e+01       2.481062506229e-07 
