# Matter power spectrum P(k) at redshift z=0
# for k=1.04775e-05 to 157.312 h/Mpc,
# number of wavenumbers equal to 257
#    1:k (h/Mpc)              2:P (Mpc/h)^3        
       1.047750691338e-05       5.020963906808e+01 
       1.131335172818e-05       5.407048937193e+01 
       1.221587619877e-05       5.822820724037e+01 
       1.319039970550e-05       6.270562047540e+01 
       1.424266598317e-05       6.752731476103e+01 
       1.537887697396e-05       7.271975715407e+01 
       1.660572938097e-05       7.831147101221e+01 
       1.793045413791e-05       8.433312302117e+01 
       1.936085902737e-05       9.081780130651e+01 
       2.090537469909e-05       9.780107406374e+01 
       2.257310435923e-05       1.053212938597e+02 
       2.437387742372e-05       1.134197268470e+02 
       2.631830745176e-05       1.221408285821e+02 
       2.841785470091e-05       1.315324590475e+02 
       3.068489367268e-05       1.416461664273e+02 
       3.313278604643e-05       1.525374477281e+02 
       3.577595943165e-05       1.642660518975e+02 
       3.862999240274e-05       1.768963429020e+02 
       4.171170631739e-05       1.904975997750e+02 
       4.503926445983e-05       2.051444243233e+02 
       4.863227909323e-05       2.209171412017e+02 
       5.251192705226e-05       2.379022266323e+02 
       5.670107455699e-05       2.561927841741e+02 
       6.122441198393e-05       2.758890478478e+02 
       6.610859938837e-05       2.970989214438e+02 
       7.138242363583e-05       3.199385559931e+02 
       7.707696806873e-05       3.445329727001e+02 
       8.322579570814e-05       3.710167323878e+02 
       8.986514707061e-05       3.995346444176e+02 
       9.703415376577e-05       4.302425389352e+02 
       1.047750691338e-04       4.633080773458e+02 
       1.131335172818e-04       4.989116273914e+02 
       1.221587619877e-04       5.372471938766e+02 
       1.319039970550e-04       5.785234116731e+02 
       1.424266598317e-04       6.229645933408e+02 
       1.537887697396e-04       6.708118487349e+02 
       1.660572938097e-04       7.223242657642e+02 
       1.793045413791e-04       7.777801570678e+02 
       1.936085902737e-04       8.374783640706e+02 
       2.090537469909e-04       9.017396293384e+02 
       2.257310435923e-04       9.709080297649e+02 
       2.437387742372e-04       1.045352453363e+03 
       2.631830745176e-04       1.125468127211e+03 
       2.841785470091e-04       1.211678185927e+03 
       3.068489367268e-04       1.304435256065e+03 
       3.313278604643e-04       1.404223062926e+03 
       3.577595943165e-04       1.511558029576e+03 
       3.862999240274e-04       1.626990852553e+03 
       4.171170631739e-04       1.751108045596e+03 
       4.503926445983e-04       1.884533404743e+03 
       4.863227909323e-04       2.027929406957e+03 
       5.251192705226e-04       2.181998483904e+03 
       5.670107455699e-04       2.347484146064e+03 
       6.122441198393e-04       2.525171925179e+03 
       6.610859938837e-04       2.715890054953e+03 
       7.138242363583e-04       2.920509779292e+03 
       7.707696806873e-04       3.139945208000e+03 
       8.322579570814e-04       3.375152476940e+03 
       8.986514707061e-04       3.627128020356e+03 
       9.703415376577e-04       3.896905669407e+03 
       1.047750691338e-03       4.185552452403e+03 
       1.131335172818e-03       4.494162775253e+03 
       1.221587619877e-03       4.823851150139e+03 
       1.319039970550e-03       5.175743278062e+03 
       1.424266598317e-03       5.551020297729e+03 
       1.537887697396e-03       5.950789184020e+03 
       1.660572938097e-03       6.376124147980e+03 
       1.793045413791e-03       6.828075233561e+03 
       1.936085902737e-03       7.307627046661e+03 
       2.090537469909e-03       7.815673952719e+03 
       2.257310435923e-03       8.352992913878e+03 
       2.437387742372e-03       8.920214293105e+03 
       2.631830745176e-03       9.517787148174e+03 
       2.841785470091e-03       1.014594128044e+04 
       3.068489367268e-03       1.080465132769e+04 
       3.313278604643e-03       1.149358234289e+04 
       3.577595943165e-03       1.221204579541e+04 
       3.862999240274e-03       1.295893656277e+04 
       4.171170631739e-03       1.373267324422e+04 
       4.503926445983e-03       1.453113486402e+04 
       4.863227909323e-03       1.535157090625e+04 
       5.251192705226e-03       1.619066154627e+04 
       5.670107455699e-03       1.704433737230e+04 
       6.122441198393e-03       1.790758119673e+04 
       6.610859938837e-03       1.877461991907e+04 
       7.138242363583e-03       1.963874311619e+04 
       7.707696806873e-03       2.049217159624e+04 
       8.322579570814e-03       2.132608533478e+04 
       8.986514707061e-03       2.213056649961e+04 
       9.703415376577e-03       2.289446778392e+04 
       1.047750691338e-02       2.360548968675e+04 
       1.131335172818e-02       2.425023391638e+04 
       1.221587619877e-02       2.481423734515e+04 
       1.319039970550e-02       2.528218791440e+04 
       1.424266598317e-02       2.563813447880e+04 
       1.537887697392e-02       2.586605441500e+04 
       1.660572938023e-02       2.595024347365e+04 
       1.793045412706e-02       2.587631943571e+04 
       1.936085890181e-02       2.563215126665e+04 
       2.090537352463e-02       2.520930406537e+04 
       2.257309535333e-02       2.460437998119e+04 
       2.437382002918e-02       2.382079937658e+04 
       2.631799944462e-02       2.287033341688e+04 
       2.841644545389e-02       2.177435034973e+04 
       3.067933355377e-02       2.056539507755e+04 
       3.311368470740e-02       1.928709908264e+04 
       3.571840443502e-02       1.799376859311e+04 
       3.847720348444e-02       1.674654697581e+04 
       4.135335538431e-02       1.560425610335e+04 
       4.429361667738e-02       1.461000122939e+04 
       4.724366439141e-02       1.378011143669e+04 
       5.016480835311e-02       1.310454928903e+04 
       5.303989620246e-02       1.255663279340e+04 
       5.586870669566e-02       1.210364374086e+04 
       5.866042680613e-02       1.171401307475e+04 
       6.142798932958e-02       1.135978790678e+04 
       6.418496440164e-02       1.101782922144e+04 
       6.694418833788e-02       1.066991585618e+04 
       6.971731106057e-02       1.030279166107e+04 
       7.251476155766e-02       9.908190007823e+03 
       7.534587671527e-02       9.482884361358e+03 
       7.821907666265e-02       9.028627477729e+03 
       8.114203772912e-02       8.551421041539e+03 
       8.412184535029e-02       8.060987215444e+03 
       8.716512279304e-02       7.569845919625e+03 
       9.027813695930e-02       7.091544248446e+03 
       9.346688431697e-02       6.639560094512e+03 
       9.673716028275e-02       6.225729270736e+03 
       1.000946150830e-01       5.858933274536e+03 
       1.035447986537e-01       5.544248447887e+03 
       1.070931966762e-01       5.282090425400e+03 
       1.107452594425e-01       5.068345173560e+03 
       1.145064249153e-01       4.894137843238e+03 
       1.183821370918e-01       4.746690811456e+03 
       1.223778605862e-01       4.610544600481e+03 
       1.264990921987e-01       4.469400634240e+03 
       1.307513701367e-01       4.309015001303e+03 
       1.351402814784e-01       4.120115041990e+03 
       1.396714684203e-01       3.900789996059e+03 
       1.443506338194e-01       3.657367036314e+03 
       1.491835465229e-01       3.403215710610e+03 
       1.541760469708e-01       3.155393211448e+03 
       1.593340535561e-01       2.930673805936e+03 
       1.646635702297e-01       2.741083087413e+03 
       1.701706958456e-01       2.590947944665e+03 
       1.758616357459e-01       2.475909630134e+03 
       1.817427160982e-01       2.383827254286e+03 
       1.878204015065e-01       2.298981320721e+03 
       1.941013164283e-01       2.204364180556e+03 
       2.005922709503e-01       2.089415819574e+03 
       2.073002914972e-01       1.955054925193e+03 
       2.142326570816e-01       1.812800125229e+03 
       2.213969417533e-01       1.677896559634e+03 
       2.288010639706e-01       1.562460192024e+03 
       2.364533437147e-01       1.471294309919e+03 
       2.443625682930e-01       1.400110542606e+03 
       2.525380679504e-01       1.336998847330e+03 
       2.609898026346e-01       1.269479724474e+03 
       2.697284615565e-01       1.191964537901e+03 
       2.787655775689e-01       1.107929320697e+03 
       2.881136588829e-01       1.027368699891e+03 
       2.977863412677e-01       9.590844223840e+02 
       3.077985646929e-01       9.036258368760e+02 
       3.181667794071e-01       8.547439901088e+02 
       3.289091877812e-01       8.047878875340e+02 
       3.400460299658e-01       7.509991709598e+02 
       3.515999236474e-01       6.975404207074e+02 
       3.635962711085e-01       6.496919927679e+02 
       3.760637506334e-01       6.087536900809e+02 
       3.890349143879e-01       5.707679535138e+02 
       4.025469216825e-01       5.324257018812e+02 
       4.166424456376e-01       4.942877566369e+02 
       4.313708035863e-01       4.591339585701e+02 
       4.467893782977e-01       4.274514451981e+02 
       4.629654199663e-01       3.974561270677e+02 
       4.799783501994e-01       3.679386619890e+02 
       4.979227319373e-01       3.399486431796e+02 
       5.169121270864e-01       3.142036080538e+02 
       5.370841404489e-01       2.895692163163e+02 
       5.586070464571e-01       2.658546928410e+02 
       5.816885094930e-01       2.435728712167e+02 
       6.065870144995e-01       2.223468113746e+02 
       6.336266468475e-01       2.020073988421e+02 
       6.632156059511e-01       1.826940505725e+02 
       6.958678639262e-01       1.641899711600e+02 
       7.322247985589e-01       1.465521521210e+02 
       7.730680195113e-01       1.297133823621e+02 
       8.193049553677e-01       1.137359248793e+02 
       8.718988016039e-01       9.869445146317e+01 
       9.317218031081e-01       8.473923222244e+01 
       9.993660908989e-01       7.204716953953e+01 
       1.075037110174e+00       6.076062320028e+01 
       1.158653485707e+00       5.093728426904e+01 
       1.250099157308e+00       4.253212526256e+01 
       1.349432401273e+00       3.541518749130e+01 
       1.456947457397e+00       2.942742399792e+01 
       1.573135111331e+00       2.440738678859e+01 
       1.698621895592e+00       2.020788901404e+01 
       1.834127512934e+00       1.670098304676e+01 
       1.980444934528e+00       1.377645828733e+01 
       2.138435191726e+00       1.134148694087e+01 
       2.309029199186e+00       9.316960229019e+00 
       2.493232377687e+00       7.636316180349e+00 
       2.692130395285e+00       6.243355431970e+00 
       2.906895534573e+00       5.090670597067e+00 
       3.138793597714e+00       4.138458976212e+00 
       3.389191366484e+00       3.353260258139e+00 
       3.659564657905e+00       2.707118280189e+00 
       3.951507022538e+00       2.176557837929e+00 
       4.266739136701e+00       1.741956563141e+00 
       4.607118943941e+00       1.386911353235e+00 
       4.974652605557e+00       1.097772037829e+00 
       5.371506324689e+00       8.631263278435e-01 
       5.800019113685e+00       6.734695082819e-01 
       6.262716579983e+00       5.209063928323e-01 
       6.762325811764e+00       3.988554898417e-01 
       7.301791451110e+00       3.018590798431e-01 
       7.884293049406e+00       2.253653948805e-01 
       8.513263807261e+00       1.655984362741e-01 
       9.192410809424e+00       1.194094605886e-01 
       9.925736873929e+00       8.419282667995e-02 
       1.071756414427e+01       5.776701231821e-02 
       1.157255956364e+01       3.833371832997e-02 
       1.249576238137e+01       2.439000295657e-02 
       1.349261385375e+01       1.469540284557e-02 
       1.456898931416e+01       8.223634750914e-03 
       1.573123280165e+01       4.137287988035e-03 
       1.698619445202e+01       1.756286706620e-03 
       1.834127087176e+01       5.391593883481e-04 
       1.980444873285e+01       6.448632654452e-05 
       2.138435184532e+01       1.521666377446e-05 
       2.309029198506e+01       1.643650553403e-04 
       2.493232377636e+01       3.614266697090e-04 
       2.692130395282e+01       5.183084183256e-04 
       2.906895534573e+01       5.958762758782e-04 
       3.138793597714e+01       5.894523672530e-04 
       3.389191366484e+01       5.169903849707e-04 
       3.659564657905e+01       4.060543959384e-04 
       3.951507022538e+01       2.850631479392e-04 
       4.266739136701e+01       1.764326456896e-04 
       4.607118943941e+01       9.341645646390e-05 
       4.974652605557e+01       3.967804582841e-05 
       5.371506324689e+01       1.151745944821e-05 
       5.800019113685e+01       1.180996144356e-06 
       6.262716579983e+01       3.133293410089e-07 
       6.762325811764e+01       2.422905757381e-06 
       7.301791451110e+01       3.919330996254e-06 
       7.884293049406e+01       3.811801714112e-06 
       8.513263807261e+01       2.638915536091e-06 
       9.192410809424e+01       1.319379309550e-06 
       9.925736873929e+01       4.325141461824e-07 
       1.071756414427e+02       6.097458878038e-08 
       1.157255956364e+02       1.017217165996e-09 
       1.249576238137e+02       2.945654660496e-08 
       1.349261385375e+02       3.938784544737e-08 
       1.456898931416e+02       2.421922076184e-08 
       1.573123280165e+02       7.767706275149e-09 
