# Matter power spectrum P(k) at redshift z=0
# for k=1.04775e-05 to 157.312 h/Mpc,
# number of wavenumbers equal to 257
#    1:k (h/Mpc)              2:P (Mpc/h)^3        
       1.047750691338e-05       5.020963906804e+01 
       1.131335172818e-05       5.407048937148e+01 
       1.221587619877e-05       5.822820724029e+01 
       1.319039970550e-05       6.270562047246e+01 
       1.424266598317e-05       6.752731476098e+01 
       1.537887697396e-05       7.271975715395e+01 
       1.660572938097e-05       7.831147101246e+01 
       1.793045413791e-05       8.433312302135e+01 
       1.936085902737e-05       9.081780130646e+01 
       2.090537469909e-05       9.780107449154e+01 
       2.257310435923e-05       1.053212938596e+02 
       2.437387742372e-05       1.134197268469e+02 
       2.631830745176e-05       1.221408285624e+02 
       2.841785470091e-05       1.315324590474e+02 
       3.068489367268e-05       1.416461671359e+02 
       3.313278604643e-05       1.525374478893e+02 
       3.577595943165e-05       1.642660517243e+02 
       3.862999240274e-05       1.768963429379e+02 
       4.171170631739e-05       1.904975997820e+02 
       4.503926445983e-05       2.051444243234e+02 
       4.863227909323e-05       2.209171412050e+02 
       5.251192705226e-05       2.379022266146e+02 
       5.670107455699e-05       2.561927841238e+02 
       6.122441198393e-05       2.758890479528e+02 
       6.610859938837e-05       2.970989213979e+02 
       7.138242363583e-05       3.199385559930e+02 
       7.707696806873e-05       3.445329727006e+02 
       8.322579570814e-05       3.710167324011e+02 
       8.986514707061e-05       3.995346444121e+02 
       9.703415376577e-05       4.302425389349e+02 
       1.047750691338e-04       4.633080773457e+02 
       1.131335172818e-04       4.989116271634e+02 
       1.221587619877e-04       5.372471938794e+02 
       1.319039970550e-04       5.785234116884e+02 
       1.424266598317e-04       6.229645933130e+02 
       1.537887697396e-04       6.708118487511e+02 
       1.660572938097e-04       7.223242657765e+02 
       1.793045413791e-04       7.777801571272e+02 
       1.936085902737e-04       8.374783638365e+02 
       2.090537469909e-04       9.017396276770e+02 
       2.257310435923e-04       9.709080297651e+02 
       2.437387742372e-04       1.045352453376e+03 
       2.631830745176e-04       1.125468127721e+03 
       2.841785470091e-04       1.211678185928e+03 
       3.068489367268e-04       1.304435256065e+03 
       3.313278604643e-04       1.404223062921e+03 
       3.577595943165e-04       1.511558029577e+03 
       3.862999240274e-04       1.626990852555e+03 
       4.171170631739e-04       1.751108045603e+03 
       4.503926445983e-04       1.884533404755e+03 
       4.863227909323e-04       2.027929406956e+03 
       5.251192705226e-04       2.181998483913e+03 
       5.670107455699e-04       2.347484146066e+03 
       6.122441198393e-04       2.525171925196e+03 
       6.610859938837e-04       2.715890054979e+03 
       7.138242363583e-04       2.920509779320e+03 
       7.707696806873e-04       3.139945208051e+03 
       8.322579570814e-04       3.375152477019e+03 
       8.986514707061e-04       3.627128020462e+03 
       9.703415376577e-04       3.896905669505e+03 
       1.047750691338e-03       4.185552452613e+03 
       1.131335172818e-03       4.494162775570e+03 
       1.221587619877e-03       4.823851150592e+03 
       1.319039970550e-03       5.175743278707e+03 
       1.424266598317e-03       5.551020298677e+03 
       1.537887697396e-03       5.950789185426e+03 
       1.660572938097e-03       6.376124150048e+03 
       1.793045413791e-03       6.828075236584e+03 
       1.936085902737e-03       7.307627051050e+03 
       2.090537469909e-03       7.815673959052e+03 
       2.257310435923e-03       8.352992922983e+03 
       2.437387742372e-03       8.920214306359e+03 
       2.631830745176e-03       9.517787166705e+03 
       2.841785470091e-03       1.014594130672e+04 
       3.068489367268e-03       1.080465136480e+04 
       3.313278604643e-03       1.149358239510e+04 
       3.577595943165e-03       1.221204586855e+04 
       3.862999240274e-03       1.295893666488e+04 
       4.171170631739e-03       1.373267338611e+04 
       4.503926445983e-03       1.453113500023e+04 
       4.863227909323e-03       1.535157115298e+04 
       5.251192705226e-03       1.619066155328e+04 
       5.670107455699e-03       1.704433881373e+04 
       6.122441198393e-03       1.790758125135e+04 
       6.610859938837e-03       1.877461997178e+04 
       7.138242363583e-03       1.963874651072e+04 
       7.707696806873e-03       2.049217386044e+04 
       8.322579570814e-03       2.132608015786e+04 
       8.986514707061e-03       2.213056720271e+04 
       9.703415376577e-03       2.289447300508e+04 
       1.047750691338e-02       2.360549529720e+04 
       1.131335172818e-02       2.425024129386e+04 
       1.221587619877e-02       2.481424710072e+04 
       1.319039970550e-02       2.528219969977e+04 
       1.424266598317e-02       2.563815134153e+04 
       1.537887697392e-02       2.586607620542e+04 
       1.660572938023e-02       2.595027133904e+04 
       1.793045412706e-02       2.587635589824e+04 
       1.936085890181e-02       2.563219812815e+04 
       2.090537352463e-02       2.520936155199e+04 
       2.257309535333e-02       2.460445472549e+04 
       2.437382002918e-02       2.382088166026e+04 
       2.631799944462e-02       2.287044925269e+04 
       2.841644545389e-02       2.177450142089e+04 
       3.067933355377e-02       2.056556901171e+04 
       3.311368470740e-02       1.928731618376e+04 
       3.571840443502e-02       1.799402195851e+04 
       3.847720348444e-02       1.674684864412e+04 
       4.135335538431e-02       1.560459884325e+04 
       4.429361667738e-02       1.461038000351e+04 
       4.724366439141e-02       1.378056077299e+04 
       5.016480835311e-02       1.310505693084e+04 
       5.303989620246e-02       1.255717650352e+04 
       5.586870669566e-02       1.210424275202e+04 
       5.866042680613e-02       1.171465587518e+04 
       6.142798932958e-02       1.136047352333e+04 
       6.418496440164e-02       1.101855453599e+04 
       6.694418833788e-02       1.067067667096e+04 
       6.971731106057e-02       1.030358090781e+04 
       7.251476155766e-02       9.909012961458e+03 
       7.534587671527e-02       9.483732220207e+03 
       7.821907666265e-02       9.029498385098e+03 
       8.114203772912e-02       8.552312346323e+03 
       8.412184535029e-02       8.061918818087e+03 
       8.716512279304e-02       7.570769337699e+03 
       9.027813695930e-02       7.092498139332e+03 
       9.346688431697e-02       6.640521283372e+03 
       9.673716028275e-02       6.226707608917e+03 
       1.000946150830e-01       5.859932934736e+03 
       1.035447986537e-01       5.545269732463e+03 
       1.070931966762e-01       5.283142700546e+03 
       1.107452594425e-01       5.069428891426e+03 
       1.145064249153e-01       4.895255481033e+03 
       1.183821370918e-01       4.747844795496e+03 
       1.223778605862e-01       4.611725114528e+03 
       1.264990921987e-01       4.470611186311e+03 
       1.307513701367e-01       4.310254667760e+03 
       1.351402814784e-01       4.121373089344e+03 
       1.396714684203e-01       3.902055841873e+03 
       1.443506338194e-01       3.658650591082e+03 
       1.491835465229e-01       3.404489651790e+03 
       1.541760469708e-01       3.156663625152e+03 
       1.593340535561e-01       2.931949135631e+03 
       1.646635702297e-01       2.742364134469e+03 
       1.701706958456e-01       2.592243437809e+03 
       1.758616357459e-01       2.477229598191e+03 
       1.817427160982e-01       2.385170885242e+03 
       1.878204015065e-01       2.300354867715e+03 
       1.941013164283e-01       2.205746159705e+03 
       2.005922709503e-01       2.090806299677e+03 
       2.073002914972e-01       1.956453792145e+03 
       2.142326570816e-01       1.814181619194e+03 
       2.213969417533e-01       1.679273282782e+03 
       2.288010639706e-01       1.563832264934e+03 
       2.364533437147e-01       1.472672449413e+03 
       2.443625682930e-01       1.401509956148e+03 
       2.525380679504e-01       1.338402798853e+03 
       2.609898026346e-01       1.270889113345e+03 
       2.697284615565e-01       1.193371277190e+03 
       2.787655775689e-01       1.109328711291e+03 
       2.881136588829e-01       1.028758735936e+03 
       2.977863412677e-01       9.604695491215e+02 
       3.077985646929e-01       9.050114794314e+02 
       3.181667794071e-01       8.561340039506e+02 
       3.289091877812e-01       8.061767333438e+02 
       3.400460299658e-01       7.523804227042e+02 
       3.515999236474e-01       6.989116983467e+02 
       3.635962711085e-01       6.510515330418e+02 
       3.760637506334e-01       6.101106956547e+02 
       3.890349143879e-01       5.721215687929e+02 
       4.025469216825e-01       5.337719041881e+02 
       4.166424456376e-01       4.956213836293e+02 
       4.313708035863e-01       4.604577134163e+02 
       4.467893782977e-01       4.287660504051e+02 
       4.629654199663e-01       3.987627984671e+02 
       4.799783501994e-01       3.692319420630e+02 
       4.979227319373e-01       3.412296812439e+02 
       5.169121270864e-01       3.154738932642e+02 
       5.370841404489e-01       2.908266574415e+02 
       5.586070464571e-01       2.670961823712e+02 
       5.816885094930e-01       2.448004925075e+02 
       6.065870144995e-01       2.235587148782e+02 
       6.336266468475e-01       2.032013328113e+02 
       6.632156059511e-01       1.838697325374e+02 
       6.958678639262e-01       1.653464019966e+02 
       7.322247985589e-01       1.476876535969e+02 
       7.730680195113e-01       1.308260472952e+02 
       8.193049553677e-01       1.148237154184e+02 
       8.718988016039e-01       9.975525042981e+01 
       9.317218031081e-01       8.577071900158e+01 
       9.993660908989e-01       7.304807023702e+01 
       1.075037110174e+00       6.172947351399e+01 
       1.158653485707e+00       5.187277710169e+01 
       1.250099157308e+00       4.343435492861e+01 
       1.349432401273e+00       3.628387528542e+01 
       1.456947457397e+00       3.026290152432e+01 
       1.573135111331e+00       2.520958863953e+01 
       1.698621895592e+00       2.097732121612e+01 
       1.834127512934e+00       1.743799789739e+01 
       1.980444934528e+00       1.448148128958e+01 
       2.138435191726e+00       1.201505431031e+01 
       2.309029199186e+00       9.959545569653e+00 
       2.493232377687e+00       8.248414992167e+00 
       2.692130395285e+00       6.825434539552e+00 
       2.906895534573e+00       5.643277747229e+00 
       3.138793597714e+00       4.662116112269e+00 
       3.389191366484e+00       3.848506697794e+00 
       3.659564657905e+00       3.174530052419e+00 
       3.951507022538e+00       2.616628561158e+00 
       4.266739136701e+00       2.155277821141e+00 
       4.607118943941e+00       1.773999417063e+00 
       4.974652605557e+00       1.459199001151e+00 
       5.371506324689e+00       1.199471772673e+00 
       5.800019113685e+00       9.853373990251e-01 
       6.262716579983e+00       8.089241616912e-01 
       6.762325811764e+00       6.636888501907e-01 
       7.301791451110e+00       5.442024687592e-01 
       7.884293049406e+00       4.459665289833e-01 
       8.513263807261e+00       3.652528532633e-01 
       9.192410809424e+00       2.989775002673e-01 
       9.925736873929e+00       2.445932848016e-01 
       1.071756414427e+01       1.999893536086e-01 
       1.157255956364e+01       1.634310537315e-01 
       1.249576238137e+01       1.334821908236e-01 
       1.349261385375e+01       1.089634696291e-01 
       1.456898931416e+01       8.890066721027e-02 
       1.573123280165e+01       7.249330437210e-02 
       1.698619445202e+01       5.908147103391e-02 
       1.834127087176e+01       4.812493417858e-02 
       1.980444873285e+01       3.917848259746e-02 
       2.138435184532e+01       3.187690606386e-02 
       2.309029198506e+01       2.592125222355e-02 
       2.493232377636e+01       2.106543392188e-02 
       2.692130395282e+01       1.710877614388e-02 
       2.906895534573e+01       1.388642975431e-02 
       3.138793597714e+01       1.126321833888e-02 
       3.389191366484e+01       9.129114656091e-03 
       3.659564657905e+01       7.393623253861e-03 
       3.951507022538e+01       5.983388050506e-03 
       4.266739136701e+01       4.838066081356e-03 
       4.607118943941e+01       3.908127708753e-03 
       4.974652605557e+01       3.153848212732e-03 
       5.371506324689e+01       2.542306087770e-03 
       5.800019113685e+01       2.046927874292e-03 
       6.262716579983e+01       1.645860875867e-03 
       6.762325811764e+01       1.321433029139e-03 
       7.301791451110e+01       1.059275426933e-03 
       7.884293049406e+01       8.475817057052e-04 
       8.513263807261e+01       6.768737673496e-04 
       9.192410809424e+01       5.393399093670e-04 
       9.925736873929e+01       4.286730579144e-04 
       1.071756414427e+02       3.397710771446e-04 
       1.157255956364e+02       2.684665567978e-04 
       1.249576238137e+02       2.113785135208e-04 
       1.349261385375e+02       1.657687261402e-04 
       1.456898931416e+02       1.294237510625e-04 
       1.573123280165e+02       1.005426714088e-04 
