# Matter power spectrum P(k) at redshift z=99
# for k=1.04775e-05 to 157.312 h/Mpc,
# number of wavenumbers equal to 257
#    1:k (h/Mpc)              2:P (Mpc/h)^3        
       1.047750691338e-05       7.261927095385e-03 
       1.131335172818e-05       7.820332150863e-03 
       1.221587619877e-05       8.421675382446e-03 
       1.319039970550e-05       9.069257738128e-03 
       1.424266598317e-05       9.766636451260e-03 
       1.537887697396e-05       1.051763973656e-02 
       1.660572938097e-05       1.132639250768e-02 
       1.793045413791e-05       1.219733201525e-02 
       1.936085902737e-05       1.313524187221e-02 
       2.090537469909e-05       1.414527084998e-02 
       2.257310435923e-05       1.523296544514e-02 
       2.437387742372e-05       1.640429654664e-02 
       2.631830745176e-05       1.766569603312e-02 
       2.841785470091e-05       1.902408711191e-02 
       3.068489367268e-05       2.048692967475e-02 
       3.313278604643e-05       2.206225467582e-02 
       3.577595943165e-05       2.375870883888e-02 
       3.862999240274e-05       2.558560669862e-02 
       4.171170631739e-05       2.755297672551e-02 
       4.503926445983e-05       2.967161933460e-02 
       4.863227909323e-05       3.195316455706e-02 
       5.251192705226e-05       3.441013466188e-02 
       5.670107455699e-05       3.705601741761e-02 
       6.122441198393e-05       3.990533412901e-02 
       6.610859938837e-05       4.297372242600e-02 
       7.138242363583e-05       4.627802054928e-02 
       7.707696806873e-05       4.983636159967e-02 
       8.322579570814e-05       5.366826787017e-02 
       8.986514707061e-05       5.779476319824e-02 
       9.703415376577e-05       6.223848221933e-02 
       1.047750691338e-04       6.702379825127e-02 
       1.131335172818e-04       7.217695031191e-02 
       1.221587619877e-04       7.772619030484e-02 
       1.319039970550e-04       8.370193380177e-02 
       1.424266598317e-04       9.013692506810e-02 
       1.537887697396e-04       9.706641130554e-02 
       1.660572938097e-04       1.045283343128e-01 
       1.793045413791e-04       1.125635329204e-01 
       1.936085902737e-04       1.212159592329e-01 
       2.090537469909e-04       1.305329107457e-01 
       2.257310435923e-04       1.405652819384e-01 
       2.437387742372e-04       1.513678275101e-01 
       2.631830745176e-04       1.629994475161e-01 
       2.841785470091e-04       1.755234890509e-01 
       3.068489367268e-04       1.890080645332e-01 
       3.313278604643e-04       2.035263977467e-01 
       3.577595943165e-04       2.191571778083e-01 
       3.862999240274e-04       2.359849423302e-01 
       4.171170631739e-04       2.541004713047e-01 
       4.503926445983e-04       2.736012061208e-01 
       4.863227909323e-04       2.945916774696e-01 
       5.251192705226e-04       3.171839507920e-01 
       5.670107455699e-04       3.414980769168e-01 
       6.122441198393e-04       3.676625416365e-01 
       6.610859938837e-04       3.958147272933e-01 
       7.138242363583e-04       4.261013332137e-01 
       7.707696806873e-04       4.586787880927e-01 
       8.322579570814e-04       4.937136112902e-01 
       8.986514707061e-04       5.313826962162e-01 
       9.703415376577e-04       5.718735176893e-01 
       1.047750691338e-03       6.153841926342e-01 
       1.131335172818e-03       6.621233623216e-01 
       1.221587619877e-03       7.123098743747e-01 
       1.319039970550e-03       7.661721263879e-01 
       1.424266598317e-03       8.239547181391e-01 
       1.537887697396e-03       8.859012282898e-01 
       1.660572938097e-03       9.522589495817e-01 
       1.793045413791e-03       1.023280284741e+00 
       1.936085902737e-03       1.099216542128e+00 
       2.090537469909e-03       1.180313285055e+00 
       2.257310435923e-03       1.266804486821e+00 
       2.437387742372e-03       1.358905328468e+00 
       2.631830745176e-03       1.456803285943e+00 
       2.841785470091e-03       1.560647663012e+00 
       3.068489367268e-03       1.670537010527e+00 
       3.313278604643e-03       1.786505039555e+00 
       3.577595943165e-03       1.908504409986e+00 
       3.862999240274e-03       2.036389468558e+00 
       4.171170631739e-03       2.169898252509e+00 
       4.503926445983e-03       2.308634491546e+00 
       4.863227909323e-03       2.452050674172e+00 
       5.251192705226e-03       2.599434680285e+00 
       5.670107455699e-03       2.749901125281e+00 
       6.122441198393e-03       2.902390056692e+00 
       6.610859938837e-03       3.055671267580e+00 
       7.138242363583e-03       3.208360119771e+00 
       7.707696806873e-03       3.358926647184e+00 
       8.322579570814e-03       3.505726884229e+00 
       8.986514707061e-03       3.647012430272e+00 
       9.703415376577e-03       3.780926169219e+00 
       1.047750691338e-02       3.905492867215e+00 
       1.131335172818e-02       4.018589808197e+00 
       1.221587619877e-02       4.117902865266e+00 
       1.319039970550e-02       4.200917669502e+00 
       1.424266598317e-02       4.264943698598e+00 
       1.537887697392e-02       4.307219617256e+00 
       1.660572938023e-02       4.325062390016e+00 
       1.793045412706e-02       4.316060304744e+00 
       1.936085890181e-02       4.278228819716e+00 
       2.090537352463e-02       4.210204329744e+00 
       2.257309535333e-02       4.111418566021e+00 
       2.437382002918e-02       3.982420706197e+00 
       2.631799944462e-02       3.825168396619e+00 
       2.841644545389e-02       3.643281871683e+00 
       3.067933355377e-02       3.442198265042e+00 
       3.311368470740e-02       3.229241142787e+00 
       3.571840443502e-02       3.013515693643e+00 
       3.847720348444e-02       2.805284071902e+00 
       4.135335538431e-02       2.614409804692e+00 
       4.429361667738e-02       2.448131173375e+00 
       4.724366439141e-02       2.309239522633e+00 
       5.016480835311e-02       2.196113945924e+00 
       5.303989620246e-02       2.104368492733e+00 
       5.586870669566e-02       2.028461101411e+00 
       5.866042680613e-02       1.963153680721e+00 
       6.142798932958e-02       1.903777962470e+00 
       6.418496440164e-02       1.846477362161e+00 
       6.694418833788e-02       1.788195546548e+00 
       6.971731106057e-02       1.726713682540e+00 
       7.251476155766e-02       1.660652351449e+00 
       7.534587671527e-02       1.589467566816e+00 
       7.821907666265e-02       1.513434506211e+00 
       8.114203772912e-02       1.433566694137e+00 
       8.412184535029e-02       1.351488591322e+00 
       8.716512279304e-02       1.269271582641e+00 
       9.027813695930e-02       1.189191046599e+00 
       9.346688431697e-02       1.113498838504e+00 
       9.673716028275e-02       1.044172279761e+00 
       1.000946150830e-01       9.827037651268e-01 
       1.035447986537e-01       9.299348764007e-01 
       1.070931966762e-01       8.859561682908e-01 
       1.107452594425e-01       8.500686955687e-01 
       1.145064249153e-01       8.208008460703e-01 
       1.183821370918e-01       7.960219248535e-01 
       1.223778605862e-01       7.731431852268e-01 
       1.264990921987e-01       7.494492934565e-01 
       1.307513701367e-01       7.225543034683e-01 
       1.351402814784e-01       6.909056105321e-01 
       1.396714684203e-01       6.541778569608e-01 
       1.443506338194e-01       6.134233660101e-01 
       1.491835465229e-01       5.708648299283e-01 
       1.541760469708e-01       5.293611294517e-01 
       1.593340535561e-01       4.917076814057e-01 
       1.646635702297e-01       4.599167754540e-01 
       1.701706958456e-01       4.347246916296e-01 
       1.758616357459e-01       4.154045513193e-01 
       1.817427160982e-01       3.999335028928e-01 
       1.878204015065e-01       3.856795537484e-01 
       1.941013164283e-01       3.698061510251e-01 
       2.005922709503e-01       3.505432061910e-01 
       2.073002914972e-01       3.280397633701e-01 
       2.142326570816e-01       3.042104112471e-01 
       2.213969417533e-01       2.816083043194e-01 
       2.288010639706e-01       2.622534757873e-01 
       2.364533437147e-01       2.469584606241e-01 
       2.443625682930e-01       2.350098915804e-01 
       2.525380679504e-01       2.244144890189e-01 
       2.609898026346e-01       2.130904521984e-01 
       2.697284615565e-01       2.000984771677e-01 
       2.787655775689e-01       1.860167772784e-01 
       2.881136588829e-01       1.725139807933e-01 
       2.977863412677e-01       1.610627984032e-01 
       3.077985646929e-01       1.517576296562e-01 
       3.181667794071e-01       1.435561863735e-01 
       3.289091877812e-01       1.351783599681e-01 
       3.400460299658e-01       1.261610665838e-01 
       3.515999236474e-01       1.171988363972e-01 
       3.635962711085e-01       1.091738820701e-01 
       3.760637506334e-01       1.023064507970e-01 
       3.890349143879e-01       9.593465691565e-02 
       4.025469216825e-01       8.950471735999e-02 
       4.166424456376e-01       8.310875439948e-02 
       4.313708035863e-01       7.721254491732e-02 
       4.467893782977e-01       7.189769343463e-02 
       4.629654199663e-01       6.686614209041e-02 
       4.799783501994e-01       6.191468869695e-02 
       4.979227319373e-01       5.721943967538e-02 
       5.169121270864e-01       5.290011787564e-02 
       5.370841404489e-01       4.876706483967e-02 
       5.586070464571e-01       4.478805362963e-02 
       5.816885094930e-01       4.104927346845e-02 
       6.065870144995e-01       3.748734126367e-02 
       6.336266468475e-01       3.407370067466e-02 
       6.632156059511e-01       3.083208036221e-02 
       6.958678639262e-01       2.772597800054e-02 
       7.322247985589e-01       2.476482206366e-02 
       7.730680195113e-01       2.193736919430e-02 
       8.193049553677e-01       1.925398139320e-02 
       8.718988016039e-01       1.672723237034e-02 
       9.317218031081e-01       1.438218476795e-02 
       9.993660908989e-01       1.224876099426e-02 
       1.075037110174e+00       1.035078461281e-02 
       1.158653485707e+00       8.697953904763e-03 
       1.250099157308e+00       7.282953692969e-03 
       1.349432401273e+00       6.083913765646e-03 
       1.456947457397e+00       5.074292050113e-03 
       1.573135111331e+00       4.226921056000e-03 
       1.698621895592e+00       3.517252971655e-03 
       1.834127512934e+00       2.923768047771e-03 
       1.980444934528e+00       2.428020861634e-03 
       2.138435191726e+00       2.014439458833e-03 
       2.309029199186e+00       1.669773733953e-03 
       2.493232377687e+00       1.382855501128e-03 
       2.692130395285e+00       1.144255744145e-03 
       2.906895534573e+00       9.460396767858e-04 
       3.138793597714e+00       7.815273045019e-04 
       3.389191366484e+00       6.451120073500e-04 
       3.659564657905e+00       5.321080889620e-04 
       3.951507022538e+00       4.385682074117e-04 
       4.266739136701e+00       3.612204407753e-04 
       4.607118943941e+00       2.972983961446e-04 
       4.974652605557e+00       2.445220714266e-04 
       5.371506324689e+00       2.009810858559e-04 
       5.800019113685e+00       1.650843667175e-04 
       6.262716579983e+00       1.355126463565e-04 
       6.762325811764e+00       1.111683737865e-04 
       7.301791451110e+00       9.114134765764e-05 
       7.884293049406e+00       7.467710679141e-05 
       8.513263807261e+00       6.115068980796e-05 
       9.192410809424e+00       5.004469600907e-05 
       9.925736873929e+00       4.093228841007e-05 
       1.071756414427e+01       3.345935627399e-05 
       1.157255956364e+01       2.733526856944e-05 
       1.249576238137e+01       2.231887508947e-05 
       1.349261385375e+01       1.821262208226e-05 
       1.456898931416e+01       1.485333011624e-05 
       1.573123280165e+01       1.210653082611e-05 
       1.698619445202e+01       9.861652734192e-06 
       1.834127087176e+01       8.028199025415e-06 
       1.980444873285e+01       6.531645666873e-06 
       2.138435184532e+01       5.310592265530e-06 
       2.309029198506e+01       4.314923784041e-06 
       2.493232377636e+01       3.503464969887e-06 
       2.692130395282e+01       2.842581360444e-06 
       2.906895534573e+01       2.304579771376e-06 
       3.138793597714e+01       1.866901701228e-06 
       3.389191366484e+01       1.511028479365e-06 
       3.659564657905e+01       1.221873400675e-06 
       3.951507022538e+01       9.870693800471e-07 
       4.266739136701e+01       7.965278032925e-07 
       4.607118943941e+01       6.420170802289e-07 
       4.974652605557e+01       5.168231957651e-07 
       5.371506324689e+01       4.154633784211e-07 
       5.800019113685e+01       3.334741851061e-07 
       6.262716579983e+01       2.672110745767e-07 
       6.762325811764e+01       2.137214758630e-07 
       7.301791451110e+01       1.705816993395e-07 
       7.884293049406e+01       1.358416918304e-07 
       8.513263807261e+01       1.078977131197e-07 
       9.192410809424e+01       8.545875233837e-08 
       9.925736873929e+01       6.747102642662e-08 
       1.071756414427e+02       5.307881962657e-08 
       1.157255956364e+02       4.158868036173e-08 
       1.249576238137e+02       3.243835970002e-08 
       1.349261385375e+02       2.517387363550e-08 
       1.456898931416e+02       1.942318299410e-08 
       1.573123280165e+02       1.488896419644e-08 
