# Matter power spectrum P(k) at redshift z=0
# for k=1.04775e-05 to 157.312 h/Mpc,
# number of wavenumbers equal to 257
#    1:k (h/Mpc)              2:P (Mpc/h)^3        
       1.047750691338e-05       5.020963906855e+01 
       1.131335172818e-05       5.407048937354e+01 
       1.221587619877e-05       5.822820724084e+01 
       1.319039970550e-05       6.270562048580e+01 
       1.424266598317e-05       6.752731476105e+01 
       1.537887697396e-05       7.271975715464e+01 
       1.660572938097e-05       7.831147101056e+01 
       1.793045413791e-05       8.433312301934e+01 
       1.936085902737e-05       9.081780130676e+01 
       2.090537469909e-05       9.780107485103e+01 
       2.257310435923e-05       1.053212938602e+02 
       2.437387742372e-05       1.134197268477e+02 
       2.631830745176e-05       1.221408286916e+02 
       2.841785470091e-05       1.315324590479e+02 
       3.068489367268e-05       1.416461666061e+02 
       3.313278604643e-05       1.525374452335e+02 
       3.577595943165e-05       1.642660505351e+02 
       3.862999240274e-05       1.768963424512e+02 
       4.171170631739e-05       1.904975997440e+02 
       4.503926445983e-05       2.051444243230e+02 
       4.863227909323e-05       2.209171407972e+02 
       5.251192705226e-05       2.379022267514e+02 
       5.670107455699e-05       2.561927841722e+02 
       6.122441198393e-05       2.758890476560e+02 
       6.610859938837e-05       2.970989216549e+02 
       7.138242363583e-05       3.199385559933e+02 
       7.707696806873e-05       3.445329726979e+02 
       8.322579570814e-05       3.710167324378e+02 
       8.986514707061e-05       3.995346444419e+02 
       9.703415376577e-05       4.302425389364e+02 
       1.047750691338e-04       4.633080773479e+02 
       1.131335172818e-04       4.989116279240e+02 
       1.221587619877e-04       5.372471939140e+02 
       1.319039970550e-04       5.785234122989e+02 
       1.424266598317e-04       6.229645931739e+02 
       1.537887697396e-04       6.708118489504e+02 
       1.660572938097e-04       7.223242657714e+02 
       1.793045413791e-04       7.777801567137e+02 
       1.936085902737e-04       8.374783640835e+02 
       2.090537469909e-04       9.017396288287e+02 
       2.257310435923e-04       9.709080297658e+02 
       2.437387742372e-04       1.045352453230e+03 
       2.631830745176e-04       1.125468127732e+03 
       2.841785470091e-04       1.211678185937e+03 
       3.068489367268e-04       1.304435256047e+03 
       3.313278604643e-04       1.404223062652e+03 
       3.577595943165e-04       1.511558029569e+03 
       3.862999240274e-04       1.626990852539e+03 
       4.171170631739e-04       1.751108045562e+03 
       4.503926445983e-04       1.884533404463e+03 
       4.863227909323e-04       2.027929406955e+03 
       5.251192705226e-04       2.181998483845e+03 
       5.670107455699e-04       2.347484146039e+03 
       6.122441198393e-04       2.525171925068e+03 
       6.610859938837e-04       2.715890054792e+03 
       7.138242363583e-04       2.920509778683e+03 
       7.707696806873e-04       3.139945207679e+03 
       8.322579570814e-04       3.375152476458e+03 
       8.986514707061e-04       3.627128019700e+03 
       9.703415376577e-04       3.896905668797e+03 
       1.047750691338e-03       4.185552451109e+03 
       1.131335172818e-03       4.494162773329e+03 
       1.221587619877e-03       4.823851147401e+03 
       1.319039970550e-03       5.175743274172e+03 
       1.424266598317e-03       5.551020291974e+03 
       1.537887697396e-03       5.950789175414e+03 
       1.660572938097e-03       6.376124135194e+03 
       1.793045413791e-03       6.828075214697e+03 
       1.936085902737e-03       7.307627019023e+03 
       2.090537469909e-03       7.815673904097e+03 
       2.257310435923e-03       8.352992855518e+03 
       2.437387742372e-03       8.920214209204e+03 
       2.631830745176e-03       9.517787027413e+03 
       2.841785470091e-03       1.014594110767e+04 
       3.068489367268e-03       1.080465107904e+04 
       3.313278604643e-03       1.149358168765e+04 
       3.577595943165e-03       1.221204540436e+04 
       3.862999240274e-03       1.295893634217e+04 
       4.171170631739e-03       1.373267389670e+04 
       4.503926445983e-03       1.453113425129e+04 
       4.863227909323e-03       1.535156917617e+04 
       5.251192705226e-03       1.619065892563e+04 
       5.670107455699e-03       1.704433379105e+04 
       6.122441198393e-03       1.790757534423e+04 
       6.610859938837e-03       1.877461653804e+04 
       7.138242363583e-03       1.963873406159e+04 
       7.707696806873e-03       2.049215890634e+04 
       8.322579570814e-03       2.132610985912e+04 
       8.986514707061e-03       2.213054265520e+04 
       9.703415376577e-03       2.289443733836e+04 
       1.047750691338e-02       2.360544815570e+04 
       1.131335172818e-02       2.425017812831e+04 
       1.221587619877e-02       2.481416395273e+04 
       1.319039970550e-02       2.528209089356e+04 
       1.424266598317e-02       2.563800725040e+04 
       1.537887697392e-02       2.586588769059e+04 
       1.660572938023e-02       2.595002523315e+04 
       1.793045412706e-02       2.587603576317e+04 
       1.936085890181e-02       2.563178775763e+04 
       2.090537352463e-02       2.520883851704e+04 
       2.257309535333e-02       2.460378326649e+04 
       2.437382002918e-02       2.382004245629e+04 
       2.631799944462e-02       2.286938460208e+04 
       2.841644545389e-02       2.177317940439e+04 
       3.067933355377e-02       2.056393932246e+04 
       3.311368470740e-02       1.928533181770e+04 
       3.571840443502e-02       1.799158693531e+04 
       3.847720348444e-02       1.674398909728e+04 
       4.135335538431e-02       1.560127794251e+04 
       4.429361667738e-02       1.460650840258e+04 
       4.724366439141e-02       1.377611859221e+04 
       5.016480835311e-02       1.310010625962e+04 
       5.303989620246e-02       1.255167747044e+04 
       5.586870669566e-02       1.209821182254e+04 
       5.866042680613e-02       1.170812460538e+04 
       6.142798932958e-02       1.135339447971e+04 
       6.418496440164e-02       1.101103802354e+04 
       6.694418833788e-02       1.066268928416e+04 
       6.971731106057e-02       1.029512948634e+04 
       7.251476155766e-02       9.900145373868e+03 
       7.534587671527e-02       9.474492089320e+03 
       7.821907666265e-02       9.019878987081e+03 
       8.114203772912e-02       8.542338134690e+03 
       8.412184535029e-02       8.051589775450e+03 
       8.716512279304e-02       7.560115894373e+03 
       9.027813695930e-02       7.081497157962e+03 
       9.346688431697e-02       6.629183992067e+03 
       9.673716028275e-02       6.215042632445e+03 
       1.000946150830e-01       5.847880178185e+03 
       1.035447986537e-01       5.532759285415e+03 
       1.070931966762e-01       5.270189604455e+03 
       1.107452594425e-01       5.055976888300e+03 
       1.145064249153e-01       4.881255252823e+03 
       1.183821370918e-01       4.733295812267e+03 
       1.223778605862e-01       4.596622918721e+03 
       1.264990921987e-01       4.454990904905e+03 
       1.307513701367e-01       4.294163083262e+03 
       1.351402814784e-01       4.104866300253e+03 
       1.396714684203e-01       3.885247456016e+03 
       1.443506338194e-01       3.641580068798e+03 
       1.491835465229e-01       3.387207124770e+03 
       1.541760469708e-01       3.139209867231e+03 
       1.593340535561e-01       2.914285552003e+03 
       1.646635702297e-01       2.724380501274e+03 
       1.701706958456e-01       2.573866628163e+03 
       1.758616357459e-01       2.458371877080e+03 
       1.817427160982e-01       2.365783368693e+03 
       1.878204015065e-01       2.280433593072e+03 
       1.941013164283e-01       2.185394522419e+03 
       2.005922709503e-01       2.070131835571e+03 
       2.073002914972e-01       1.935602782051e+03 
       2.142326570816e-01       1.793223996657e+03 
       2.213969417533e-01       1.658230202229e+03 
       2.288010639706e-01       1.542606897533e+03 
       2.364533437147e-01       1.451157427118e+03 
       2.443625682930e-01       1.379598418906e+03 
       2.525380679504e-01       1.316100900971e+03 
       2.609898026346e-01       1.248280535943e+03 
       2.697284615565e-01       1.170587972645e+03 
       2.787655775689e-01       1.086484407979e+03 
       2.881136588829e-01       1.005871838339e+03 
       2.977863412677e-01       9.374602770038e+02 
       3.077985646929e-01       8.817846963783e+02 
       3.181667794071e-01       8.326592721696e+02 
       3.289091877812e-01       7.825293642374e+02 
       3.400460299658e-01       7.286755900191e+02 
       3.515999236474e-01       6.751992839967e+02 
       3.635962711085e-01       6.273005450685e+02 
       3.760637506334e-01       5.862556122991e+02 
       3.890349143879e-01       5.481655786870e+02 
       4.025469216825e-01       5.097870750126e+02 
       4.166424456376e-01       4.716661782871e+02 
       4.313708035863e-01       4.365282435911e+02 
       4.467893782977e-01       4.048349976201e+02 
       4.629654199663e-01       3.748487556587e+02 
       4.799783501994e-01       3.453905380910e+02 
       4.979227319373e-01       3.174805727508e+02 
       5.169121270864e-01       2.918090528301e+02 
       5.370841404489e-01       2.672766416448e+02 
       5.586070464571e-01       2.437006835836e+02 
       5.816885094930e-01       2.215709513494e+02 
       6.065870144995e-01       2.005262368082e+02 
       6.336266468475e-01       1.804043995392e+02 
       6.632156059511e-01       1.613399745701e+02 
       6.958678639262e-01       1.431295645768e+02 
       7.322247985589e-01       1.258320508391e+02 
       7.730680195113e-01       1.093920953344e+02 
       8.193049553677e-01       9.387858539960e+01 
       8.718988016039e-01       7.937714044772e+01 
       9.317218031081e-01       6.604364592631e+01 
       9.993660908989e-01       5.405728568564e+01 
       1.075037110174e+00       4.355582537219e+01 
       1.158653485707e+00       3.458641125333e+01 
       1.250099157308e+00       2.709138294204e+01 
       1.349432401273e+00       2.092890108559e+01 
       1.456947457397e+00       1.592958212819e+01 
       1.573135111331e+00       1.192210263499e+01 
       1.698621895592e+00       8.749640552595e+00 
       1.834127512934e+00       6.274003289918e+00 
       1.980444934528e+00       4.374619798801e+00 
       2.138435191726e+00       2.947420701722e+00 
       2.309029199186e+00       1.902255172887e+00 
       2.493232377687e+00       1.161240235748e+00 
       2.692130395285e+00       6.576591969870e-01 
       2.906895534573e+00       3.343060684111e-01 
       3.138793597714e+00       1.430813752422e-01 
       3.389191366484e+00       4.410847171785e-02 
       3.659564657905e+00       5.217197139470e-03 
       3.951507022538e+00       1.342458965254e-03 
       4.266739136701e+00       1.399627758297e-02 
       4.607118943941e+00       3.060198468994e-02 
       4.974652605557e+00       4.363579788781e-02 
       5.371506324689e+00       4.971483852085e-02 
       5.800019113685e+00       4.853502303881e-02 
       6.262716579983e+00       4.172876945205e-02 
       6.762325811764e+00       3.183981819157e-02 
       7.301791451110e+00       2.143503349567e-02 
       7.884293049406e+00       1.246103929802e-02 
       8.513263807261e+00       5.977046895512e-03 
       9.192410809424e+00       2.124195855856e-03 
       9.925736873929e+00       3.995739826920e-04 
       1.071756414427e+01       6.283647305043e-08 
       1.157255956364e+01       1.618791862516e-04 
       1.249576238137e+01       3.728316977772e-04 
       1.349261385375e+01       4.223344783843e-04 
       1.456898931416e+01       3.220348355434e-04 
       1.573123280165e+01       1.732219279157e-04 
       1.698619445202e+01       6.063776868476e-05 
       1.834127087176e+01       9.332600070906e-06 
       1.980444873285e+01       8.293778911456e-08 
       2.138435184532e+01       4.098835647287e-06 
       2.309029198506e+01       5.690543563603e-06 
       2.493232377636e+01       3.480993064784e-06 
       2.692130395282e+01       1.037594227125e-06 
       2.906895534573e+01       7.569035723924e-08 
       3.138793597714e+01       2.401854214500e-08 
       3.389191366484e+01       7.085859247516e-08 
       3.659564657905e+01       3.380629231084e-08 
       3.951507022538e+01       2.948456757965e-09 
       4.266739136701e+01       9.321571963336e-10 
       4.607118943941e+01       2.601465432759e-09 
       4.974652605557e+01       1.184197409931e-09 
       5.371506324689e+01       1.863315035538e-10 
       5.800019113685e+01       2.238701439415e-11 
       6.262716579983e+01       2.177777728556e-11 
       6.762325811764e+01       3.773117507416e-11 
       7.301791451110e+01       3.336467620891e-11 
       7.884293049406e+01       1.897897099721e-11 
       8.513263807261e+01       9.944561575003e-12 
       9.192410809424e+01       5.647100234742e-12 
       9.925736873929e+01       3.072541345320e-12 
       1.071756414427e+02       1.509825684720e-12 
       1.157255956364e+02       6.366788819568e-13 
       1.249576238137e+02       2.947352811827e-13 
       1.349261385375e+02       1.045068090524e-13 
       1.456898931416e+02       2.409079984810e-14 
       1.573123280165e+02       2.083627820842e-15 
