# Matter power spectrum P(k) at redshift z=99
# for k=1.04775e-05 to 66.1767 h/Mpc,
# number of wavenumbers equal to 130
#    1:k (h/Mpc)              2:P (Mpc/h)^3        
       1.047750691046e-05       7.261927797902e-03 
       1.319039970183e-05       9.069258348605e-03 
       1.660572937635e-05       1.132639210940e-02 
       2.090537469327e-05       1.414527146149e-02 
       2.631830744443e-05       1.766569597544e-02 
       3.313278603720e-05       2.206225551385e-02 
       4.171170630578e-05       2.755297810368e-02 
       5.251192703764e-05       3.441013578679e-02 
       6.610859936996e-05       4.297372241900e-02 
       8.322579568497e-05       5.366826938993e-02 
       1.047750691046e-04       6.702379980453e-02 
       1.319039970183e-04       8.370193576023e-02 
       1.660572937635e-04       1.045283372110e-01 
       2.090537469327e-04       1.305329154887e-01 
       2.631830744443e-04       1.629994532216e-01 
       3.313278603720e-04       2.035264036478e-01 
       4.171170630578e-04       2.541004783389e-01 
       5.251192703764e-04       3.171839576141e-01 
       6.610859936996e-04       3.958147313107e-01 
       8.322579568497e-04       4.937136071758e-01 
       1.047750691046e-03       6.153841706636e-01 
       1.319039970183e-03       7.661720658410e-01 
       1.660572937635e-03       9.522588052730e-01 
       2.090537469327e-03       1.180312983705e+00 
       2.631830744443e-03       1.456802643983e+00 
       3.313278603720e-03       1.786503729370e+00 
       4.171170630578e-03       2.169895894691e+00 
       5.251192703764e-03       2.599429764923e+00 
       6.610859936996e-03       3.055666419659e+00 
       8.322579568497e-03       3.505719632291e+00 
       1.047750691046e-02       3.905476749784e+00 
       1.319039970183e-02       4.200884370633e+00 
       1.660572937633e-02       4.324991855142e+00 
       2.090537453514e-02       4.210052418101e+00 
       2.631818545635e-02       3.824852732817e+00 
       3.311571692125e-02       3.228507172509e+00 
       4.113809243311e-02       2.626784964752e+00 
       4.792590854610e-02       2.279504187496e+00 
       5.284436902701e-02       2.108531469208e+00 
       5.689644391095e-02       2.001768252997e+00 
       6.051252627066e-02       1.921095098000e+00 
       6.388413457411e-02       1.850602918459e+00 
       6.711249296401e-02       1.782278846266e+00 
       7.025823437965e-02       1.711848017821e+00 
       7.336115587705e-02       1.637252515207e+00 
       7.644928796912e-02       1.557979310751e+00 
       7.954353299775e-02       1.474666121939e+00 
       8.266024078725e-02       1.388798784725e+00 
       8.581273398637e-02       1.302463506724e+00 
       8.901225918437e-02       1.218026776632e+00 
       9.226860540985e-02       1.137881317499e+00 
       9.559052048996e-02       1.064155077871e+00 
       9.898599946599e-02       9.984756804446e-01 
       1.024624891378e-01       9.418492035357e-01 
       1.060270359164e-01       8.944850720944e-01 
       1.096863943056e-01       8.558053527339e-01 
       1.134471073830e-01       8.244435742457e-01 
       1.173155669539e-01       7.983452955191e-01 
       1.212980586983e-01       7.749481760744e-01 
       1.254007961065e-01       7.514823687255e-01 
       1.296299459934e-01       7.254067431090e-01 
       1.339916477160e-01       6.948975468886e-01 
       1.384920277736e-01       6.592870177435e-01 
       1.431372111762e-01       6.192780395361e-01 
       1.479333307714e-01       5.768335675832e-01 
       1.528865355934e-01       5.347109244942e-01 
       1.580029992204e-01       4.957679008910e-01 
       1.632889290723e-01       4.622741045446e-01 
       1.687505775527e-01       4.353053771928e-01 
       1.743942559171e-01       4.145057378042e-01 
       1.802263517371e-01       3.981503152173e-01 
       1.862533508214e-01       3.836999092685e-01 
       1.924818644494e-01       3.683417084555e-01 
       1.989186627765e-01       3.499108533966e-01 
       2.055707152847e-01       3.280483812410e-01 
       2.124452391818e-01       3.042848086712e-01 
       2.195497567139e-01       2.811191379156e-01 
       2.268921624510e-01       2.607647124772e-01 
       2.344808017550e-01       2.443692543827e-01 
       2.423245618548e-01       2.316175698189e-01 
       2.504329772620e-01       2.207841424571e-01 
       2.588163516754e-01       2.096961632074e-01 
       2.674858990930e-01       1.970691178814e-01 
       2.764539076010e-01       1.831029771438e-01 
       2.857339303080e-01       1.692570915118e-01 
       2.953410092148e-01       1.571776498575e-01 
       3.052919395542e-01       1.473337874253e-01 
       3.156055844677e-01       1.388933407103e-01 
       3.263032530092e-01       1.305625537299e-01 
       3.374091587054e-01       1.215975271228e-01 
       3.489509817175e-01       1.124723941687e-01 
       3.609605657343e-01       1.041089359278e-01 
       3.734747921333e-01       9.692866262644e-02 
       3.865366902904e-01       9.040335714570e-02 
       4.001968667448e-01       8.387534833024e-02 
       4.145153713076e-01       7.731516095043e-02 
       4.295641718077e-01       7.118852613517e-02 
       4.454304922144e-01       6.565163571312e-02 
       4.622214006969e-01       6.042145927829e-02 
       4.800702491654e-01       5.525524426834e-02 
       4.991459272112e-01       5.033269713010e-02 
       5.196665217302e-01       4.576563759659e-02 
       5.419201087032e-01       4.133894293513e-02 
       5.662975451962e-01       3.706307752102e-02 
       5.933463737275e-01       3.298620416517e-02 
       6.238638458458e-01       2.900661858941e-02 
       6.590669257916e-01       2.513369459695e-02 
       7.009246080454e-01       2.130545546168e-02 
       7.528593308799e-01       1.748521892826e-02 
       8.213469537518e-01       1.361017826842e-02 
       9.196980813302e-01       9.648296311528e-03 
       1.075112183810e+00       5.751859526574e-03 
       1.322697471132e+00       2.611014685722e-03 
       1.662328205042e+00       8.839721708275e-04 
       2.092692408506e+00       1.942120320973e-04 
       2.634543445090e+00       1.193611935210e-05 
       3.316693691389e+00       4.941060667223e-06 
       4.175469971226e+00       1.561373254174e-05 
       5.256605252960e+00       9.463193605278e-06 
       6.617673932723e+00       1.608224994801e-06 
       8.331157880872e+00       2.472677081409e-09 
       1.048830636590e+01       1.303050989229e-07 
       1.320399541071e+01       1.407547889444e-08 
       1.662284535976e+01       1.592286818709e-09 
       2.092692243973e+01       2.222393313004e-10 
       2.634543445002e+01       2.231268099889e-11 
       3.316693691389e+01       5.792901181279e-13 
       4.175469971226e+01       4.174774489326e-14 
       5.256605252960e+01       1.544433763561e-14 
       6.617673932723e+01       4.206246631103e-15 
