# Matter power spectrum P(k) at redshift z=0
# for k=1.04775e-05 to 157.312 h/Mpc,
# number of wavenumbers equal to 257
#    1:k (h/Mpc)              2:P (Mpc/h)^3        
       1.047750691338e-05       5.020963906823e+01 
       1.131335172818e-05       5.407048937269e+01 
       1.221587619877e-05       5.822820724050e+01 
       1.319039970550e-05       6.270562048026e+01 
       1.424266598317e-05       6.752731476110e+01 
       1.537887697396e-05       7.271975715427e+01 
       1.660572938097e-05       7.831147101177e+01 
       1.793045413791e-05       8.433312302085e+01 
       1.936085902737e-05       9.081780130659e+01 
       2.090537469909e-05       9.780107401834e+01 
       2.257310435923e-05       1.053212938598e+02 
       2.437387742372e-05       1.134197268473e+02 
       2.631830745176e-05       1.221408286264e+02 
       2.841785470091e-05       1.315324590476e+02 
       3.068489367268e-05       1.416461663807e+02 
       3.313278604643e-05       1.525374479155e+02 
       3.577595943165e-05       1.642660515885e+02 
       3.862999240274e-05       1.768963423654e+02 
       4.171170631739e-05       1.904975997621e+02 
       4.503926445983e-05       2.051444243232e+02 
       4.863227909323e-05       2.209171405854e+02 
       5.251192705226e-05       2.379022266768e+02 
       5.670107455699e-05       2.561927841735e+02 
       6.122441198393e-05       2.758890477861e+02 
       6.610859938837e-05       2.970989215456e+02 
       7.138242363583e-05       3.199385559933e+02 
       7.707696806873e-05       3.445329726993e+02 
       8.322579570814e-05       3.710167324466e+02 
       8.986514707061e-05       3.995346444267e+02 
       9.703415376577e-05       4.302425389357e+02 
       1.047750691338e-04       4.633080773457e+02 
       1.131335172818e-04       4.989116273727e+02 
       1.221587619877e-04       5.372471938722e+02 
       1.319039970550e-04       5.785234115394e+02 
       1.424266598317e-04       6.229645933647e+02 
       1.537887697396e-04       6.708118486874e+02 
       1.660572938097e-04       7.223242657457e+02 
       1.793045413791e-04       7.777801569667e+02 
       1.936085902737e-04       8.374783640735e+02 
       2.090537469909e-04       9.017396287760e+02 
       2.257310435923e-04       9.709080297648e+02 
       2.437387742372e-04       1.045352453339e+03 
       2.631830745176e-04       1.125468127205e+03 
       2.841785470091e-04       1.211678185926e+03 
       3.068489367268e-04       1.304435256064e+03 
       3.313278604643e-04       1.404223062921e+03 
       3.577595943165e-04       1.511558029574e+03 
       3.862999240274e-04       1.626990852550e+03 
       4.171170631739e-04       1.751108045585e+03 
       4.503926445983e-04       1.884533404692e+03 
       4.863227909323e-04       2.027929406958e+03 
       5.251192705226e-04       2.181998483889e+03 
       5.670107455699e-04       2.347484146062e+03 
       6.122441198393e-04       2.525171925150e+03 
       6.610859938837e-04       2.715890054911e+03 
       7.138242363583e-04       2.920509779242e+03 
       7.707696806873e-04       3.139945207914e+03 
       8.322579570814e-04       3.375152476808e+03 
       8.986514707061e-04       3.627128020177e+03 
       9.703415376577e-04       3.896905669251e+03 
       1.047750691338e-03       4.185552452050e+03 
       1.131335172818e-03       4.494162774719e+03 
       1.221587619877e-03       4.823851149377e+03 
       1.319039970550e-03       5.175743276976e+03 
       1.424266598317e-03       5.551020296130e+03 
       1.537887697396e-03       5.950789181650e+03 
       1.660572938097e-03       6.376124144489e+03 
       1.793045413791e-03       6.828075228453e+03 
       1.936085902737e-03       7.307627039239e+03 
       2.090537469909e-03       7.815673942003e+03 
       2.257310435923e-03       8.352992898457e+03 
       2.437387742372e-03       8.920214270682e+03 
       2.631830745176e-03       9.517787116745e+03 
       2.841785470091e-03       1.014594123582e+04 
       3.068489367268e-03       1.080465126466e+04 
       3.313278604643e-03       1.149358225426e+04 
       3.577595943165e-03       1.221204567101e+04 
       3.862999240274e-03       1.295893666019e+04 
       4.171170631739e-03       1.373267456182e+04 
       4.503926445983e-03       1.453113496924e+04 
       4.863227909323e-03       1.535157066809e+04 
       5.251192705226e-03       1.619066155277e+04 
       5.670107455699e-03       1.704433653139e+04 
       6.122441198393e-03       1.790757926353e+04 
       6.610859938837e-03       1.877462164724e+04 
       7.138242363583e-03       1.963874058378e+04 
       7.707696806873e-03       2.049216858044e+04 
       8.322579570814e-03       2.132608139023e+04 
       8.986514707061e-03       2.213055823314e+04 
       9.703415376577e-03       2.289446055927e+04 
       1.047750691338e-02       2.360548012591e+04 
       1.131335172818e-02       2.425022076115e+04 
       1.221587619877e-02       2.481422057813e+04 
       1.319039970550e-02       2.528216519082e+04 
       1.424266598317e-02       2.563810597239e+04 
       1.537887697392e-02       2.586601682107e+04 
       1.660572938023e-02       2.595019441720e+04 
       1.793045412706e-02       2.587625692465e+04 
       1.936085890181e-02       2.563207169713e+04 
       2.090537352463e-02       2.520920197114e+04 
       2.257309535333e-02       2.460425144749e+04 
       2.437382002918e-02       2.382063772398e+04 
       2.631799944462e-02       2.287013245669e+04 
       2.841644545389e-02       2.177410947986e+04 
       3.067933355377e-02       2.056509201937e+04 
       3.311368470740e-02       1.928675928057e+04 
       3.571840443502e-02       1.799332968786e+04 
       3.847720348444e-02       1.674602779906e+04 
       4.135335538431e-02       1.560365106447e+04 
       4.429361667738e-02       1.460927427995e+04 
       4.724366439141e-02       1.377932551890e+04 
       5.016480835311e-02       1.310367302535e+04 
       5.303989620246e-02       1.255566845556e+04 
       5.586870669566e-02       1.210259489747e+04 
       5.866042680613e-02       1.171288270729e+04 
       6.142798932958e-02       1.135858128996e+04 
       6.418496440164e-02       1.101655138481e+04 
       6.694418833788e-02       1.066857167826e+04 
       6.971731106057e-02       1.030138814684e+04 
       7.251476155766e-02       9.906732170484e+03 
       7.534587671527e-02       9.481378379886e+03 
       7.821907666265e-02       9.027078332176e+03 
       8.114203772912e-02       8.549833083055e+03 
       8.412184535029e-02       8.059357424229e+03 
       8.716512279304e-02       7.568189393598e+03 
       9.027813695930e-02       7.089853456489e+03 
       9.346688431697e-02       6.637846056564e+03 
       9.673716028275e-02       6.223972079436e+03 
       1.000946150830e-01       5.857132617034e+03 
       1.035447986537e-01       5.542403926418e+03 
       1.070931966762e-01       5.280192357035e+03 
       1.107452594425e-01       5.066373948217e+03 
       1.145064249153e-01       4.892108331240e+03 
       1.183821370918e-01       4.744592460792e+03 
       1.223778605862e-01       4.608374800290e+03 
       1.264990921987e-01       4.467183819846e+03 
       1.307513701367e-01       4.306746321764e+03 
       1.351402814784e-01       4.117809453996e+03 
       1.396714684203e-01       3.898460468752e+03 
       1.443506338194e-01       3.655023740084e+03 
       1.491835465229e-01       3.400872917777e+03 
       1.541760469708e-01       3.153039922744e+03 
       1.593340535561e-01       2.928310287375e+03 
       1.646635702297e-01       2.738698747158e+03 
       1.701706958456e-01       2.588531399407e+03 
       1.758616357459e-01       2.473441396584e+03 
       1.817427160982e-01       2.381311812603e+03 
       1.878204015065e-01       2.296418719051e+03 
       1.941013164283e-01       2.201759358824e+03 
       2.005922709503e-01       2.086790910251e+03 
       2.073002914972e-01       1.952434868301e+03 
       2.142326570816e-01       1.810175576439e+03 
       2.213969417533e-01       1.675281910201e+03 
       2.288010639706e-01       1.559842484740e+03 
       2.364533437147e-01       1.468659237386e+03 
       2.443625682930e-01       1.397443273978e+03 
       2.525380679504e-01       1.334299311208e+03 
       2.609898026346e-01       1.266761361395e+03 
       2.697284615565e-01       1.189242540784e+03 
       2.787655775689e-01       1.105217595426e+03 
       2.881136588829e-01       1.024669322783e+03 
       2.977863412677e-01       9.563871828863e+02 
       3.077985646929e-01       9.009182937572e+02 
       3.181667794071e-01       8.520199657405e+02 
       3.289091877812e-01       8.020606038520e+02 
       3.400460299658e-01       7.482797213378e+02 
       3.515999236474e-01       6.948348833945e+02 
       3.635962711085e-01       6.469922975445e+02 
       3.760637506334e-01       6.060557966071e+02 
       3.890349143879e-01       5.680724863473e+02 
       4.025469216825e-01       5.297391261276e+02 
       4.166424456376e-01       4.916131080039e+02 
       4.313708035863e-01       4.564749173239e+02 
       4.467893782977e-01       4.248020734149e+02 
       4.629654199663e-01       3.948196622435e+02 
       4.799783501994e-01       3.653169473234e+02 
       4.979227319373e-01       3.373462022044e+02 
       5.169121270864e-01       3.116177956207e+02 
       5.370841404489e-01       2.870021029050e+02 
       5.586070464571e-01       2.633102592325e+02 
       5.816885094930e-01       2.410512225166e+02 
       6.065870144995e-01       2.198504451142e+02 
       6.336266468475e-01       1.995386509123e+02 
       6.632156059511e-01       1.802552754356e+02 
       6.958678639262e-01       1.617844146851e+02 
       7.322247985589e-01       1.441834676188e+02 
       7.730680195113e-01       1.273852643088e+02 
       8.193049553677e-01       1.114527192199e+02 
       8.718988016039e-01       9.646157459707e+01 
       9.317218031081e-01       8.256148359767e+01 
       9.993660908989e-01       6.992973700142e+01 
       1.075037110174e+00       5.870845814655e+01 
       1.158653485707e+00       4.895342506596e+01 
       1.250099157308e+00       4.061934880179e+01 
       1.349432401273e+00       3.357555499525e+01 
       1.456947457397e+00       2.766278690364e+01 
       1.573135111331e+00       2.271885143246e+01 
       1.698621895592e+00       1.859656308418e+01 
       1.834127512934e+00       1.516767538345e+01 
       1.980444934528e+00       1.232196699919e+01 
       2.138435191726e+00       9.966341231553e+00 
       2.309029199186e+00       8.021571157979e+00 
       2.493232377687e+00       6.420991517417e+00 
       2.692130395285e+00       5.107974599199e+00 
       2.906895534573e+00       4.035056233392e+00 
       3.138793597714e+00       3.162136141159e+00 
       3.389191366484e+00       2.455519903463e+00 
       3.659564657905e+00       1.886910435337e+00 
       3.951507022538e+00       1.432504052640e+00 
       4.266739136701e+00       1.072339829819e+00 
       4.607118943941e+00       7.895976333990e-01 
       4.974652605557e+00       5.702107501463e-01 
       5.371506324689e+00       4.023402305765e-01 
       5.800019113685e+00       2.760390607910e-01 
       6.262716579983e+00       1.829594316881e-01 
       6.762325811764e+00       1.161117819317e-01 
       7.301791451110e+00       6.964214147272e-02 
       7.884293049406e+00       3.867884535697e-02 
       8.513263807261e+00       1.922054451996e-02 
       9.192410809424e+00       7.974343049166e-03 
       9.925736873929e+00       2.325991574931e-03 
       1.071756414427e+01       2.230396152335e-04 
       1.157255956364e+01       1.227379830516e-04 
       1.249576238137e+01       9.250937946569e-04 
       1.349261385375e+01       1.904409458169e-03 
       1.456898931416e+01       2.646588257560e-03 
       1.573123280165e+01       2.977600837428e-03 
       1.698619445202e+01       2.891037604101e-03 
       1.834127087176e+01       2.489618691375e-03 
       1.980444873285e+01       1.916628769089e-03 
       2.138435184532e+01       1.314224654352e-03 
       2.309029198506e+01       7.892976957827e-04 
       2.493232377636e+01       4.006407432099e-04 
       2.692130395282e+01       1.591654721025e-04 
       2.906895534573e+01       4.006060336698e-05 
       3.138793597714e+01       2.087937895891e-06 
       3.389191366484e+01       3.741516025774e-06 
       3.659564657905e+01       1.493917200681e-05 
       3.951507022538e+01       2.070602130063e-05 
       4.266739136701e+01       1.839100426047e-05 
       4.607118943941e+01       1.175756511604e-05 
       4.974652605557e+01       5.344089876781e-06 
       5.371506324689e+01       1.495882323504e-06 
       5.800019113685e+01       1.273525533055e-07 
       6.262716579983e+01       3.825842097618e-08 
       6.762325811764e+01       1.929687747073e-07 
       7.301791451110e+01       1.996434135368e-07 
       7.884293049406e+01       1.041091032067e-07 
       8.513263807261e+01       2.683592991814e-08 
       9.192410809424e+01       1.401189911848e-09 
       9.925736873929e+01       8.830535429159e-10 
       1.071756414427e+02       1.927416340340e-09 
       1.157255956364e+02       8.213655909139e-10 
       1.249576238137e+02       5.709051666559e-11 
       1.349261385375e+02       3.502200455938e-11 
       1.456898931416e+02       8.689701909644e-11 
       1.573123280165e+02       4.950098754724e-11 
