# Matter power spectrum P(k) at redshift z=99
# for k=1.04775e-05 to 157.312 h/Mpc,
# number of wavenumbers equal to 257
#    1:k (h/Mpc)              2:P (Mpc/h)^3        
       1.047750691338e-05       7.261927095477e-03 
       1.131335172818e-05       7.820332150962e-03 
       1.221587619877e-05       8.421675382552e-03 
       1.319039970550e-05       9.069257738242e-03 
       1.424266598317e-05       9.766636451383e-03 
       1.537887697396e-05       1.051763973669e-02 
       1.660572938097e-05       1.132639250782e-02 
       1.793045413791e-05       1.219733201541e-02 
       1.936085902737e-05       1.313524187238e-02 
       2.090537469909e-05       1.414527085015e-02 
       2.257310435923e-05       1.523296544533e-02 
       2.437387742372e-05       1.640429654685e-02 
       2.631830745176e-05       1.766569603334e-02 
       2.841785470091e-05       1.902408711215e-02 
       3.068489367268e-05       2.048692967501e-02 
       3.313278604643e-05       2.206225467610e-02 
       3.577595943165e-05       2.375870883917e-02 
       3.862999240274e-05       2.558560669894e-02 
       4.171170631739e-05       2.755297672586e-02 
       4.503926445983e-05       2.967161933497e-02 
       4.863227909323e-05       3.195316455747e-02 
       5.251192705226e-05       3.441013466231e-02 
       5.670107455699e-05       3.705601741808e-02 
       6.122441198393e-05       3.990533412952e-02 
       6.610859938837e-05       4.297372242654e-02 
       7.138242363583e-05       4.627802054990e-02 
       7.707696806873e-05       4.983636160031e-02 
       8.322579570814e-05       5.366826787084e-02 
       8.986514707061e-05       5.779476319897e-02 
       9.703415376577e-05       6.223848222011e-02 
       1.047750691338e-04       6.702379825211e-02 
       1.131335172818e-04       7.217695031279e-02 
       1.221587619877e-04       7.772619030581e-02 
       1.319039970550e-04       8.370193380285e-02 
       1.424266598317e-04       9.013692506922e-02 
       1.537887697396e-04       9.706641130675e-02 
       1.660572938097e-04       1.045283343141e-01 
       1.793045413791e-04       1.125635329218e-01 
       1.936085902737e-04       1.212159592344e-01 
       2.090537469909e-04       1.305329107473e-01 
       2.257310435923e-04       1.405652819402e-01 
       2.437387742372e-04       1.513678275120e-01 
       2.631830745176e-04       1.629994475181e-01 
       2.841785470091e-04       1.755234890530e-01 
       3.068489367268e-04       1.890080645355e-01 
       3.313278604643e-04       2.035263977492e-01 
       3.577595943165e-04       2.191571778110e-01 
       3.862999240274e-04       2.359849423330e-01 
       4.171170631739e-04       2.541004713078e-01 
       4.503926445983e-04       2.736012061240e-01 
       4.863227909323e-04       2.945916774730e-01 
       5.251192705226e-04       3.171839507957e-01 
       5.670107455699e-04       3.414980769207e-01 
       6.122441198393e-04       3.676625416406e-01 
       6.610859938837e-04       3.958147272977e-01 
       7.138242363583e-04       4.261013332183e-01 
       7.707696806873e-04       4.586787880974e-01 
       8.322579570814e-04       4.937136112952e-01 
       8.986514707061e-04       5.313826962212e-01 
       9.703415376577e-04       5.718735176945e-01 
       1.047750691338e-03       6.153841926393e-01 
       1.131335172818e-03       6.621233623267e-01 
       1.221587619877e-03       7.123098743796e-01 
       1.319039970550e-03       7.661721263923e-01 
       1.424266598317e-03       8.239547181429e-01 
       1.537887697396e-03       8.859012282926e-01 
       1.660572938097e-03       9.522589495830e-01 
       1.793045413791e-03       1.023280284740e+00 
       1.936085902737e-03       1.099216542123e+00 
       2.090537469909e-03       1.180313285045e+00 
       2.257310435923e-03       1.266804486806e+00 
       2.437387742372e-03       1.358905328443e+00 
       2.631830745176e-03       1.456803285906e+00 
       2.841785470091e-03       1.560647662960e+00 
       3.068489367268e-03       1.670537010453e+00 
       3.313278604643e-03       1.786505039452e+00 
       3.577595943165e-03       1.908504409845e+00 
       3.862999240274e-03       2.036389468366e+00 
       4.171170631739e-03       2.169898252247e+00 
       4.503926445983e-03       2.308634491192e+00 
       4.863227909323e-03       2.452050673696e+00 
       5.251192705226e-03       2.599434679644e+00 
       5.670107455699e-03       2.749901124417e+00 
       6.122441198393e-03       2.902390055532e+00 
       6.610859938837e-03       3.055671266027e+00 
       7.138242363583e-03       3.208360117683e+00 
       7.707696806873e-03       3.358926644393e+00 
       8.322579570814e-03       3.505726690996e+00 
       8.986514707061e-03       3.647012317272e+00 
       9.703415376577e-03       3.780925852250e+00 
       1.047750691338e-02       3.905492852261e+00 
       1.131335172818e-02       4.018589796572e+00 
       1.221587619877e-02       4.117902849947e+00 
       1.319039970550e-02       4.200917649377e+00 
       1.424266598317e-02       4.264943587078e+00 
       1.537887697392e-02       4.307219624624e+00 
       1.660572938023e-02       4.325062277259e+00 
       1.793045412706e-02       4.316060211438e+00 
       1.936085890181e-02       4.278228621468e+00 
       2.090537352463e-02       4.210204235264e+00 
       2.257309535333e-02       4.111418446082e+00 
       2.437382002918e-02       3.982420554912e+00 
       2.631799944462e-02       3.825168207359e+00 
       2.841644545389e-02       3.643281631819e+00 
       3.067933355377e-02       3.442197976042e+00 
       3.311368470740e-02       3.229240797391e+00 
       3.571840443502e-02       3.013515269267e+00 
       3.847720348444e-02       2.805283566900e+00 
       4.135335538431e-02       2.614409208121e+00 
       4.429361667738e-02       2.448130486335e+00 
       4.724366439141e-02       2.309238738184e+00 
       5.016480835311e-02       2.196113063499e+00 
       5.303989620246e-02       2.104367514475e+00 
       5.586870669566e-02       2.028460043204e+00 
       5.866042680613e-02       1.963152564948e+00 
       6.142798932958e-02       1.903776781559e+00 
       6.418496440164e-02       1.846476108254e+00 
       6.694418833788e-02       1.788194209680e+00 
       6.971731106057e-02       1.726712270471e+00 
       7.251476155766e-02       1.660650846030e+00 
       7.534587671527e-02       1.589465937960e+00 
       7.821907666265e-02       1.513432769355e+00 
       8.114203772912e-02       1.433564875649e+00 
       8.412184535029e-02       1.351486701866e+00 
       8.716512279304e-02       1.269269602152e+00 
       9.027813695930e-02       1.189188997028e+00 
       9.346688431697e-02       1.113496717142e+00 
       9.673716028275e-02       1.044170082822e+00 
       1.000946150830e-01       9.827014874580e-01 
       1.035447986537e-01       9.299342936895e-01 
       1.070931966762e-01       8.859537071522e-01 
       1.107452594425e-01       8.500661322745e-01 
       1.145064249153e-01       8.207981699148e-01 
       1.183821370918e-01       7.960191245201e-01 
       1.223778605862e-01       7.731401164503e-01 
       1.264990921987e-01       7.494461743658e-01 
       1.307513701367e-01       7.225510575511e-01 
       1.351402814784e-01       6.909023003368e-01 
       1.396714684203e-01       6.541745104740e-01 
       1.443506338194e-01       6.134199809269e-01 
       1.491835465229e-01       5.708612389063e-01 
       1.541760469708e-01       5.293576568018e-01 
       1.593340535561e-01       4.917041453931e-01 
       1.646635702297e-01       4.599131649382e-01 
       1.701706958456e-01       4.347209857683e-01 
       1.758616357459e-01       4.154007229577e-01 
       1.817427160982e-01       3.999302210240e-01 
       1.878204015065e-01       3.856751289461e-01 
       1.941013164283e-01       3.698019344729e-01 
       2.005922709503e-01       3.505389726430e-01 
       2.073002914972e-01       3.280354000313e-01 
       2.142326570816e-01       3.042059334874e-01 
       2.213969417533e-01       2.816040282958e-01 
       2.288010639706e-01       2.622489789415e-01 
       2.364533437147e-01       2.469538697271e-01 
       2.443625682930e-01       2.350051750462e-01 
       2.525380679504e-01       2.244096768528e-01 
       2.609898026346e-01       2.130858060462e-01 
       2.697284615565e-01       2.000937304978e-01 
       2.787655775689e-01       1.860117434633e-01 
       2.881136588829e-01       1.725089118922e-01 
       2.977863412677e-01       1.610576345491e-01 
       3.077985646929e-01       1.517525242474e-01 
       3.181667794071e-01       1.435509135765e-01 
       3.289091877812e-01       1.351730064875e-01 
       3.400460299658e-01       1.261558371182e-01 
       3.515999236474e-01       1.171933590711e-01 
       3.635962711085e-01       1.091683457842e-01 
       3.760637506334e-01       1.023008995790e-01 
       3.890349143879e-01       9.592905556936e-02 
       4.025469216825e-01       8.949907949184e-02 
       4.166424456376e-01       8.310309964304e-02 
       4.313708035863e-01       7.720684725397e-02 
       4.467893782977e-01       7.189193270495e-02 
       4.629654199663e-01       6.686040356636e-02 
       4.799783501994e-01       6.190884975647e-02 
       4.979227319373e-01       5.721355248119e-02 
       5.169121270864e-01       5.289421512892e-02 
       5.370841404489e-01       4.876112653324e-02 
       5.586070464571e-01       4.478209752193e-02 
       5.816885094930e-01       4.104329974039e-02 
       6.065870144995e-01       3.748134869396e-02 
       6.336266468475e-01       3.406768229193e-02 
       6.632156059511e-01       3.082604689249e-02 
       6.958678639262e-01       2.771993490694e-02 
       7.322247985589e-01       2.475877869827e-02 
       7.730680195113e-01       2.193131490286e-02 
       8.193049553677e-01       1.924793995340e-02 
       8.718988016039e-01       1.672120786611e-02 
       9.317218031081e-01       1.437617918096e-02 
       9.993660908989e-01       1.224277786515e-02 
       1.075037110174e+00       1.034485600181e-02 
       1.158653485707e+00       8.692078931849e-03 
       1.250099157308e+00       7.277144535496e-03 
       1.349432401273e+00       6.078176744978e-03 
       1.456947457397e+00       5.068637260259e-03 
       1.573135111331e+00       4.221359864524e-03 
       1.698621895592e+00       3.511785194978e-03 
       1.834127512934e+00       2.918400606069e-03 
       1.980444934528e+00       2.422787225080e-03 
       2.138435191726e+00       2.009283593978e-03 
       2.309029199186e+00       1.664735336666e-03 
       2.493232377687e+00       1.377935244687e-03 
       2.692130395285e+00       1.139461715227e-03 
       2.906895534573e+00       9.413724817150e-04 
       3.138793597714e+00       7.769881320292e-04 
       3.389191366484e+00       6.407076254456e-04 
       3.659564657905e+00       5.278308347463e-04 
       3.951507022538e+00       4.344266840269e-04 
       4.266739136701e+00       3.572079934021e-04 
       4.607118943941e+00       2.934210105478e-04 
       4.974652605557e+00       2.407781441693e-04 
       5.371506324689e+00       1.973697204914e-04 
       5.800019113685e+00       1.616073928483e-04 
       6.262716579983e+00       1.321676950109e-04 
       6.762325811764e+00       1.079553979107e-04 
       7.301791451110e+00       8.805887077864e-05 
       7.884293049406e+00       7.172448521555e-05 
       8.513263807261e+00       5.832554773519e-05 
       9.192410809424e+00       4.734585948310e-05 
       9.925736873929e+00       3.835909188261e-05 
       1.071756414427e+01       3.100929652488e-05 
       1.157255956364e+01       2.500677835456e-05 
       1.249576238137e+01       2.011054015944e-05 
       1.349261385375e+01       1.612259446169e-05 
       1.456898931416e+01       1.287969223631e-05 
       1.573123280165e+01       1.024751722460e-05 
       1.698619445202e+01       8.115616562660e-06 
       1.834127087176e+01       6.393166018917e-06 
       1.980444873285e+01       5.005428769236e-06 
       2.138435184532e+01       3.891265265516e-06 
       2.309029198506e+01       3.000440481151e-06 
       2.493232377636e+01       2.291429612831e-06 
       2.692130395282e+01       1.730635229875e-06 
       2.906895534573e+01       1.290046149173e-06 
       3.138793597714e+01       9.468429330601e-07 
       3.389191366484e+01       6.822902124187e-07 
       3.659564657905e+01       4.809361540862e-07 
       3.951507022538e+01       3.300581335651e-07 
       4.266739136701e+01       2.191901409078e-07 
       4.607118943941e+01       1.396830929614e-07 
       4.974652605557e+01       8.441204485162e-08 
       5.371506324689e+01       4.751825309043e-08 
       5.800019113685e+01       2.419977654762e-08 
       6.262716579983e+01       1.056257592826e-08 
       6.762325811764e+01       3.498306012423e-09 
       7.301791451110e+01       5.841129036119e-10 
       7.884293049406e+01       7.161061993255e-12 
       8.513263807261e+01       4.843197038842e-10 
       9.192410809424e+01       1.192188033659e-09 
       9.925736873929e+01       1.684425260534e-09 
       1.071756414427e+02       1.804508297074e-09 
       1.157255956364e+02       1.590141251795e-09 
       1.249576238137e+02       1.180308179887e-09 
       1.349261385375e+02       7.331648690199e-10 
       1.456898931416e+02       3.675468433424e-10 
       1.573123280165e+02       1.360648393935e-10 
