# Matter power spectrum P(k) at redshift z=0
# for k=1.04775e-05 to 66.1767 h/Mpc,
# number of wavenumbers equal to 130
#    1:k (h/Mpc)              2:P (Mpc/h)^3        
       1.047750691046e-05       5.020963910301e+01 
       1.319039970183e-05       6.270562522905e+01 
       1.660572937635e-05       7.831147247958e+01 
       2.090537469327e-05       9.780106803081e+01 
       2.631830744443e-05       1.221408204045e+02 
       3.313278603720e-05       1.525374501954e+02 
       4.171170630578e-05       1.904975995153e+02 
       5.251192703764e-05       2.379022228780e+02 
       6.610859936996e-05       2.970989228036e+02 
       8.322579568497e-05       3.710167326062e+02 
       1.047750691046e-04       4.633080766598e+02 
       1.319039970183e-04       5.785234081098e+02 
       1.660572937635e-04       7.223242666091e+02 
       2.090537469327e-04       9.017396271825e+02 
       2.631830744443e-04       1.125468123358e+03 
       3.313278603720e-04       1.404223053674e+03 
       4.171170630578e-04       1.751108028671e+03 
       5.251192703764e-04       2.181998448086e+03 
       6.610859936996e-04       2.715889983555e+03 
       8.322579568497e-04       3.375152336607e+03 
       1.047750691046e-03       4.185552172841e+03 
       1.319039970183e-03       5.175742740049e+03 
       1.660572937635e-03       6.376123037731e+03 
       2.090537469327e-03       7.815671822463e+03 
       2.631830744443e-03       9.517782942201e+03 
       3.313278603720e-03       1.149357424457e+04 
       4.171170630578e-03       1.373265937295e+04 
       5.251192703764e-03       1.619063353216e+04 
       6.610859936996e-03       1.877459767516e+04 
       8.322579568497e-03       2.132605216870e+04 
       1.047750691046e-02       2.360544126461e+04 
       1.319039970183e-02       2.528209833053e+04 
       1.660572937633e-02       2.595007336067e+04 
       2.090537453514e-02       2.520897449306e+04 
       2.631818545635e-02       2.286953372869e+04 
       3.311571692125e-02       1.928478611718e+04 
       4.113809243311e-02       1.568183927051e+04 
       4.792590854610e-02       1.360734700070e+04 
       5.284436902701e-02       1.258736865674e+04 
       5.689644391095e-02       1.195111745062e+04 
       6.051252627066e-02       1.147057426596e+04 
       6.388413457411e-02       1.105065118917e+04 
       6.711249296401e-02       1.064348980585e+04 
       7.025823437965e-02       1.022349463204e+04 
       7.336115587705e-02       9.778437799099e+03 
       7.644928796912e-02       9.305337565306e+03 
       7.954353299775e-02       8.808034386911e+03 
       8.266024078725e-02       8.295495891337e+03 
       8.581273398637e-02       7.780144849294e+03 
       8.901225918437e-02       7.276247811977e+03 
       9.226860540985e-02       6.798031388678e+03 
       9.559052048996e-02       6.358354048429e+03 
       9.898599946599e-02       5.966932540336e+03 
       1.024624891378e-01       5.629711338200e+03 
       1.060270359164e-01       5.347920255262e+03 
       1.096863943056e-01       5.118149906379e+03 
       1.134471073830e-01       4.932114421980e+03 
       1.173155669539e-01       4.777507080295e+03 
       1.212980586983e-01       4.638989652765e+03 
       1.254007961065e-01       4.499949132713e+03 
       1.296299459934e-01       4.345123374647e+03 
       1.339916477160e-01       4.163590616792e+03 
       1.384920277736e-01       3.951431642410e+03 
       1.431372111762e-01       3.712867823652e+03 
       1.479333307714e-01       3.459700783268e+03 
       1.528865355934e-01       3.208452538662e+03 
       1.580029992204e-01       2.976346679758e+03 
       1.632889290723e-01       2.776953148550e+03 
       1.687505775527e-01       2.616678767283e+03 
       1.743942559171e-01       2.493429841866e+03 
       1.802263517371e-01       2.396773708067e+03 
       1.862533508214e-01       2.311472268602e+03 
       1.924818644494e-01       2.220570790403e+03 
       1.989186627765e-01       2.111101571988e+03 
       2.055707152847e-01       1.980905804035e+03 
       2.124452391818e-01       1.839211236604e+03 
       2.195497567139e-01       1.701101465052e+03 
       2.268921624510e-01       1.579894204130e+03 
       2.344808017550e-01       1.482507064761e+03 
       2.423245618548e-01       1.407022783693e+03 
       2.504329772620e-01       1.343030336097e+03 
       2.588163516754e-01       1.277389445691e+03 
       2.674858990930e-01       1.202347973205e+03 
       2.764539076010e-01       1.119133781366e+03 
       2.857339303080e-01       1.036587837066e+03 
       2.953410092148e-01       9.646851856999e+02 
       3.052919395542e-01       9.062716262799e+02 
       3.156055844677e-01       8.562926504697e+02 
       3.263032530092e-01       8.068803374033e+02 
       3.374091587054e-01       7.535152220330e+02 
       3.489509817175e-01       6.990901702315e+02 
       3.609605657343e-01       6.492508985185e+02 
       3.734747921333e-01       6.065527618593e+02 
       3.865366902904e-01       5.677743052168e+02 
       4.001968667448e-01       5.288814495544e+02 
       4.145153713076e-01       4.897015028547e+02 
       4.295641718077e-01       4.531073758680e+02 
       4.454304922144e-01       4.200603220283e+02 
       4.622214006969e-01       3.888142562562e+02 
       4.800702491654e-01       3.578664910187e+02 
       4.991459272112e-01       3.283371360549e+02 
       5.196665217302e-01       3.009239513278e+02 
       5.419201087032e-01       2.742837735383e+02 
       5.662975451962e-01       2.484789925433e+02 
       5.933463737275e-01       2.238178858792e+02 
       6.238638458458e-01       1.996434405691e+02 
       6.590669257916e-01       1.760115891922e+02 
       7.009246080454e-01       1.525016311479e+02 
       7.528593308799e-01       1.288400434899e+02 
       8.213469537518e-01       1.045290533338e+02 
       9.196980813302e-01       7.914678311075e+01 
       1.075112183810e+00       5.318198968333e+01 
       1.322697471132e+00       3.046209195973e+01 
       1.662328205042e+00       1.565382115486e+01 
       2.092692408506e+00       7.409897887954e+00 
       2.634543445090e+00       3.120100367413e+00 
       3.316693691389e+00       1.087818555214e+00 
       4.175469971226e+00       2.689333151245e-01 
       5.256605252960e+00       2.829961509255e-02 
       6.617673932723e+00       9.687761531861e-04 
       8.331157880872e+00       1.159565096139e-02 
       1.048830636590e+01       9.922170849603e-03 
       1.320399541071e+01       2.794068188361e-03 
       1.662284535976e+01       8.891548231292e-05 
       2.092692243973e+01       7.702514300140e-05 
       2.634543445002e+01       3.944402901951e-05 
       3.316693691389e+01       4.225671842137e-08 
       4.175469971226e+01       7.291644226831e-07 
       5.256605252960e+01       6.378803122559e-12 
       6.617673932723e+01       1.782962753734e-09 
