# Matter power spectrum P(k) at redshift z=99
# for k=1.04775e-05 to 66.1767 h/Mpc,
# number of wavenumbers equal to 130
#    1:k (h/Mpc)              2:P (Mpc/h)^3        
       1.047750691046e-05       7.261927681283e-03 
       1.319039970183e-05       9.069258202377e-03 
       1.660572937635e-05       1.132639106791e-02 
       2.090537469327e-05       1.414527123481e-02 
       2.631830744443e-05       1.766569584161e-02 
       3.313278603720e-05       2.206225516070e-02 
       4.171170630578e-05       2.755297766435e-02 
       5.251192703764e-05       3.441013523148e-02 
       6.610859936996e-05       4.297372173026e-02 
       8.322579568497e-05       5.366826853253e-02 
       1.047750691046e-04       6.702379873161e-02 
       1.319039970183e-04       8.370193441769e-02 
       1.660572937635e-04       1.045283355444e-01 
       2.090537469327e-04       1.305329134179e-01 
       2.631830744443e-04       1.629994506697e-01 
       3.313278603720e-04       2.035264004716e-01 
       4.171170630578e-04       2.541004744384e-01 
       5.251192703764e-04       3.171839528728e-01 
       6.610859936996e-04       3.958147256717e-01 
       8.322579568497e-04       4.937136006739e-01 
       1.047750691046e-03       6.153841636300e-01 
       1.319039970183e-03       7.661720592846e-01 
       1.660572937635e-03       9.522588016636e-01 
       2.090537469327e-03       1.180312991677e+00 
       2.631830744443e-03       1.456802684558e+00 
       3.313278603720e-03       1.786503853657e+00 
       4.171170630578e-03       2.169896179468e+00 
       5.251192703764e-03       2.599430628128e+00 
       6.610859936996e-03       3.055668703944e+00 
       8.322579568497e-03       3.505725583050e+00 
       1.047750691046e-02       3.905491827909e+00 
       1.319039970183e-02       4.200915280775e+00 
       1.660572937633e-02       4.325063614035e+00 
       2.090537453514e-02       4.210203794823e+00 
       2.631818545635e-02       3.825153069931e+00 
       3.311571692125e-02       3.229064442261e+00 
       4.113809243311e-02       2.627725766145e+00 
       4.792590854610e-02       2.280784112539e+00 
       5.284436902701e-02       2.110084286945e+00 
       5.689644391095e-02       2.003537492156e+00 
       6.051252627066e-02       1.923056571943e+00 
       6.388413457411e-02       1.852727778092e+00 
       6.711249296401e-02       1.784562645496e+00 
       7.025823437965e-02       1.714269689320e+00 
       7.336115587705e-02       1.639807536771e+00 
       7.644928796912e-02       1.560657787229e+00 
       7.954353299775e-02       1.477454273226e+00 
       8.266024078725e-02       1.391688617414e+00 
       8.581273398637e-02       1.305455088709e+00 
       8.901225918437e-02       1.221120515257e+00 
       9.226860540985e-02       1.141074575269e+00 
       9.559052048996e-02       1.067445716054e+00 
       9.898599946599e-02       1.001882126222e+00 
       1.024624891378e-01       9.453763430555e-01 
       1.060270359164e-01       8.981440057500e-01 
       1.096863943056e-01       8.596068733265e-01 
       1.134471073830e-01       8.283982789101e-01 
       1.173155669539e-01       8.024576040865e-01 
       1.212980586983e-01       7.792216227876e-01 
       1.254007961065e-01       7.559093803989e-01 
       1.296299459934e-01       7.299760619939e-01 
       1.339916477160e-01       6.995866244162e-01 
       1.384920277736e-01       6.640705062047e-01 
       1.431372111762e-01       6.241383453302e-01 
       1.479333307714e-01       5.817561015593e-01 
       1.528865355934e-01       5.396826276174e-01 
       1.580029992204e-01       5.008057141837e-01 
       1.632889290723e-01       4.673916734333e-01 
       1.687505775527e-01       4.405264201011e-01 
       1.743942559171e-01       4.198577456547e-01 
       1.802263517371e-01       4.036516856153e-01 
       1.862533508214e-01       3.893521058272e-01 
       1.924818644494e-01       3.741264356075e-01 
       1.989186627765e-01       3.557938575132e-01 
       2.055707152847e-01       3.339918347328e-01 
       2.124452391818e-01       3.102588563085e-01 
       2.195497567139e-01       2.871142594813e-01 
       2.268921624510e-01       2.668002661783e-01 
       2.344808017550e-01       2.504751515905e-01 
       2.423245618548e-01       2.378251708254e-01 
       2.504329772620e-01       2.271041465236e-01 
       2.588163516754e-01       2.161088692744e-01 
       2.674858990930e-01       2.035368967923e-01 
       2.764539076010e-01       1.895891181018e-01 
       2.857339303080e-01       1.757499358998e-01 
       2.953410092148e-01       1.636914958430e-01 
       3.052919395542e-01       1.538985896821e-01 
       3.156055844677e-01       1.455233210813e-01 
       3.263032530092e-01       1.372422059136e-01 
       3.374091587054e-01       1.282941975584e-01 
       3.489509817175e-01       1.191637931023e-01 
       3.609605657343e-01       1.107996448158e-01 
       3.734747921333e-01       1.036371454914e-01 
       3.865366902904e-01       9.713376816761e-02 
       4.001968667448e-01       9.060818157060e-02 
       4.145153713076e-01       8.402987117291e-02 
       4.295641718077e-01       7.788390320724e-02 
       4.454304922144e-01       7.233453499347e-02 
       4.622214006969e-01       6.708688512613e-02 
       4.800702491654e-01       6.188488556930e-02 
       4.991459272112e-01       5.691955508358e-02 
       5.196665217302e-01       5.230937726006e-02 
       5.419201087032e-01       4.782614526193e-02 
       5.662975451962e-01       4.348051723903e-02 
       5.933463737275e-01       3.932481770286e-02 
       6.238638458458e-01       3.524712806436e-02 
       6.590669257916e-01       3.125695235307e-02 
       7.009246080454e-01       2.728147773601e-02 
       7.528593308799e-01       2.327288202095e-02 
       8.213469537518e-01       1.914299681435e-02 
       9.196980813302e-01       1.481212167632e-02 
       1.075112183810e+00       1.034649241085e-02 
       1.322697471132e+00       6.375628335480e-03 
       1.662328205042e+00       3.702442924379e-03 
       2.092692408506e+00       2.121872147849e-03 
       2.634543445090e+00       1.205766401357e-03 
       3.316693691389e+00       6.799279281826e-04 
       4.175469971226e+00       3.806871669031e-04 
       5.256605252960e+00       2.117232363417e-04 
       6.617673932723e+00       1.170079387122e-04 
       8.331157880872e+00       6.426479323174e-05 
       1.048830636590e+01       3.507773883061e-05 
       1.320399541071e+01       1.902276378393e-05 
       1.662284535976e+01       1.024346312028e-05 
       2.092692243973e+01       5.471342025308e-06 
       2.634543445002e+01       2.893925441141e-06 
       3.316693691389e+01       1.511886661267e-06 
       4.175469971226e+01       7.772096461882e-07 
       5.256605252960e+01       3.909001982029e-07 
       6.617673932723e+01       1.907532708149e-07 
