# Matter power spectrum P(k) at redshift z=0
# for k=1.04775e-05 to 157.312 h/Mpc,
# number of wavenumbers equal to 257
#    1:k (h/Mpc)              2:P (Mpc/h)^3        
       1.047750691338e-05       5.020963906804e+01 
       1.131335172818e-05       5.407048937148e+01 
       1.221587619877e-05       5.822820724029e+01 
       1.319039970550e-05       6.270562047246e+01 
       1.424266598317e-05       6.752731476098e+01 
       1.537887697396e-05       7.271975715395e+01 
       1.660572938097e-05       7.831147101246e+01 
       1.793045413791e-05       8.433312302135e+01 
       1.936085902737e-05       9.081780130646e+01 
       2.090537469909e-05       9.780107449078e+01 
       2.257310435923e-05       1.053212938596e+02 
       2.437387742372e-05       1.134197268469e+02 
       2.631830745176e-05       1.221408285623e+02 
       2.841785470091e-05       1.315324590474e+02 
       3.068489367268e-05       1.416461671359e+02 
       3.313278604643e-05       1.525374478890e+02 
       3.577595943165e-05       1.642660517251e+02 
       3.862999240274e-05       1.768963429380e+02 
       4.171170631739e-05       1.904975997820e+02 
       4.503926445983e-05       2.051444243234e+02 
       4.863227909323e-05       2.209171412050e+02 
       5.251192705226e-05       2.379022266146e+02 
       5.670107455699e-05       2.561927841238e+02 
       6.122441198393e-05       2.758890479492e+02 
       6.610859938837e-05       2.970989213978e+02 
       7.138242363583e-05       3.199385559930e+02 
       7.707696806873e-05       3.445329727006e+02 
       8.322579570814e-05       3.710167324011e+02 
       8.986514707061e-05       3.995346444121e+02 
       9.703415376577e-05       4.302425389349e+02 
       1.047750691338e-04       4.633080773457e+02 
       1.131335172818e-04       4.989116271938e+02 
       1.221587619877e-04       5.372471938794e+02 
       1.319039970550e-04       5.785234116885e+02 
       1.424266598317e-04       6.229645933129e+02 
       1.537887697396e-04       6.708118487511e+02 
       1.660572938097e-04       7.223242657765e+02 
       1.793045413791e-04       7.777801571273e+02 
       1.936085902737e-04       8.374783638365e+02 
       2.090537469909e-04       9.017396276787e+02 
       2.257310435923e-04       9.709080297651e+02 
       2.437387742372e-04       1.045352453376e+03 
       2.631830745176e-04       1.125468127721e+03 
       2.841785470091e-04       1.211678185928e+03 
       3.068489367268e-04       1.304435256065e+03 
       3.313278604643e-04       1.404223062921e+03 
       3.577595943165e-04       1.511558029577e+03 
       3.862999240274e-04       1.626990852555e+03 
       4.171170631739e-04       1.751108045603e+03 
       4.503926445983e-04       1.884533404755e+03 
       4.863227909323e-04       2.027929406956e+03 
       5.251192705226e-04       2.181998483913e+03 
       5.670107455699e-04       2.347484146066e+03 
       6.122441198393e-04       2.525171925196e+03 
       6.610859938837e-04       2.715890054979e+03 
       7.138242363583e-04       2.920509779320e+03 
       7.707696806873e-04       3.139945208051e+03 
       8.322579570814e-04       3.375152477019e+03 
       8.986514707061e-04       3.627128020462e+03 
       9.703415376577e-04       3.896905669505e+03 
       1.047750691338e-03       4.185552452613e+03 
       1.131335172818e-03       4.494162775571e+03 
       1.221587619877e-03       4.823851150593e+03 
       1.319039970550e-03       5.175743278708e+03 
       1.424266598317e-03       5.551020298679e+03 
       1.537887697396e-03       5.950789185429e+03 
       1.660572938097e-03       6.376124150052e+03 
       1.793045413791e-03       6.828075236591e+03 
       1.936085902737e-03       7.307627051059e+03 
       2.090537469909e-03       7.815673959066e+03 
       2.257310435923e-03       8.352992923004e+03 
       2.437387742372e-03       8.920214306387e+03 
       2.631830745176e-03       9.517787166746e+03 
       2.841785470091e-03       1.014594130678e+04 
       3.068489367268e-03       1.080465136488e+04 
       3.313278604643e-03       1.149358239521e+04 
       3.577595943165e-03       1.221204586871e+04 
       3.862999240274e-03       1.295893666511e+04 
       4.171170631739e-03       1.373267338642e+04 
       4.503926445983e-03       1.453113500067e+04 
       4.863227909323e-03       1.535157115347e+04 
       5.251192705226e-03       1.619066155346e+04 
       5.670107455699e-03       1.704433881484e+04 
       6.122441198393e-03       1.790758125329e+04 
       6.610859938837e-03       1.877461997409e+04 
       7.138242363583e-03       1.963874651485e+04 
       7.707696806873e-03       2.049217386429e+04 
       8.322579570814e-03       2.132608016807e+04 
       8.986514707061e-03       2.213056720663e+04 
       9.703415376577e-03       2.289447301924e+04 
       1.047750691338e-02       2.360549530882e+04 
       1.131335172818e-02       2.425024130074e+04 
       1.221587619877e-02       2.481424712444e+04 
       1.319039970550e-02       2.528219975556e+04 
       1.424266598317e-02       2.563815138949e+04 
       1.537887697392e-02       2.586607630254e+04 
       1.660572938023e-02       2.595027138530e+04 
       1.793045412706e-02       2.587635597148e+04 
       1.936085890181e-02       2.563219821514e+04 
       2.090537352463e-02       2.520936240219e+04 
       2.257309535333e-02       2.460445494900e+04 
       2.437382002918e-02       2.382088300172e+04 
       2.631799944462e-02       2.287044953558e+04 
       2.841644545389e-02       2.177450151168e+04 
       3.067933355377e-02       2.056556928586e+04 
       3.311368470740e-02       1.928731654136e+04 
       3.571840443502e-02       1.799402229685e+04 
       3.847720348444e-02       1.674684919010e+04 
       4.135335538431e-02       1.560459974821e+04 
       4.429361667738e-02       1.461038082834e+04 
       4.724366439141e-02       1.378056190297e+04 
       5.016480835311e-02       1.310505790691e+04 
       5.303989620246e-02       1.255718413069e+04 
       5.586870669566e-02       1.210424320165e+04 
       5.866042680613e-02       1.171465746324e+04 
       6.142798932958e-02       1.136047497097e+04 
       6.418496440164e-02       1.101855605135e+04 
       6.694418833788e-02       1.067067830240e+04 
       6.971731106057e-02       1.030358590394e+04 
       7.251476155766e-02       9.909014678532e+03 
       7.534587671527e-02       9.483733746522e+03 
       7.821907666265e-02       9.029501411714e+03 
       8.114203772912e-02       8.552313703930e+03 
       8.412184535029e-02       8.061887636737e+03 
       8.716512279304e-02       7.570763148769e+03 
       9.027813695930e-02       7.092491397380e+03 
       9.346688431697e-02       6.640522878318e+03 
       9.673716028275e-02       6.226709361890e+03 
       1.000946150830e-01       5.859934504204e+03 
       1.035447986537e-01       5.545270491788e+03 
       1.070931966762e-01       5.283144559424e+03 
       1.107452594425e-01       5.069431558126e+03 
       1.145064249153e-01       4.895255962849e+03 
       1.183821370918e-01       4.747849662115e+03 
       1.223778605862e-01       4.611707691406e+03 
       1.264990921987e-01       4.470597690022e+03 
       1.307513701367e-01       4.310257374026e+03 
       1.351402814784e-01       4.121367525712e+03 
       1.396714684203e-01       3.902057284594e+03 
       1.443506338194e-01       3.658653133606e+03 
       1.491835465229e-01       3.404493332428e+03 
       1.541760469708e-01       3.156666435502e+03 
       1.593340535561e-01       2.931951633596e+03 
       1.646635702297e-01       2.742366939243e+03 
       1.701706958456e-01       2.592245634961e+03 
       1.758616357459e-01       2.477227559135e+03 
       1.817427160982e-01       2.385173447579e+03 
       1.878204015065e-01       2.300357580021e+03 
       1.941013164283e-01       2.205748956140e+03 
       2.005922709503e-01       2.090811892493e+03 
       2.073002914972e-01       1.956456704225e+03 
       2.142326570816e-01       1.814189054554e+03 
       2.213969417533e-01       1.679274804491e+03 
       2.288010639706e-01       1.563835136201e+03 
       2.364533437147e-01       1.472675363952e+03 
       2.443625682930e-01       1.401512568263e+03 
       2.525380679504e-01       1.338406114248e+03 
       2.609898026346e-01       1.270892769586e+03 
       2.697284615565e-01       1.193373921356e+03 
       2.787655775689e-01       1.109332092318e+03 
       2.881136588829e-01       1.028761635814e+03 
       2.977863412677e-01       9.604719497047e+02 
       3.077985646929e-01       9.050139301766e+02 
       3.181667794071e-01       8.561365145180e+02 
       3.289091877812e-01       8.061792346993e+02 
       3.400460299658e-01       7.523849326404e+02 
       3.515999236474e-01       6.989141712136e+02 
       3.635962711085e-01       6.510547813145e+02 
       3.760637506334e-01       6.101130415899e+02 
       3.890349143879e-01       5.721232199936e+02 
       4.025469216825e-01       5.337742811564e+02 
       4.166424456376e-01       4.956230490770e+02 
       4.313708035863e-01       4.604604214562e+02 
       4.467893782977e-01       4.287681043387e+02 
       4.629654199663e-01       3.987643787145e+02 
       4.799783501994e-01       3.692350826571e+02 
       4.979227319373e-01       3.412323173230e+02 
       5.169121270864e-01       3.154760257717e+02 
       5.370841404489e-01       2.908288076124e+02 
       5.586070464571e-01       2.670982206498e+02 
       5.816885094930e-01       2.448023243088e+02 
       6.065870144995e-01       2.235606637086e+02 
       6.336266468475e-01       2.032031448531e+02 
       6.632156059511e-01       1.838716068792e+02 
       6.958678639262e-01       1.653480410045e+02 
       7.322247985589e-01       1.476892208086e+02 
       7.730680195113e-01       1.308275974007e+02 
       8.193049553677e-01       1.148251379519e+02 
       8.718988016039e-01       9.975701223673e+01 
       9.317218031081e-01       8.577206861689e+01 
       9.993660908989e-01       7.304936192036e+01 
       1.075037110174e+00       6.173078917845e+01 
       1.158653485707e+00       5.187405586484e+01 
       1.250099157308e+00       4.343557875456e+01 
       1.349432401273e+00       3.628488668806e+01 
       1.456947457397e+00       3.026387781586e+01 
       1.573135111331e+00       2.521051051511e+01 
       1.698621895592e+00       2.097824613493e+01 
       1.834127512934e+00       1.743883803025e+01 
       1.980444934528e+00       1.448227143280e+01 
       2.138435191726e+00       1.201574559415e+01 
       2.309029199186e+00       9.960182300246e+00 
       2.493232377687e+00       8.249017401018e+00 
       2.692130395285e+00       6.825987910335e+00 
       2.906895534573e+00       5.643788860691e+00 
       3.138793597714e+00       4.662582344957e+00 
       3.389191366484e+00       3.848938227212e+00 
       3.659564657905e+00       3.174912658306e+00 
       3.951507022538e+00       2.616973844481e+00 
       4.266739136701e+00       2.155589156148e+00 
       4.607118943941e+00       1.774277055420e+00 
       4.974652605557e+00       1.459447166476e+00 
       5.371506324689e+00       1.199698093603e+00 
       5.800019113685e+00       9.855310989014e-01 
       6.262716579983e+00       8.090945980212e-01 
       6.762325811764e+00       6.638364586174e-01 
       7.301791451110e+00       5.443305402736e-01 
       7.884293049406e+00       4.460744517234e-01 
       8.513263807261e+00       3.653442928563e-01 
       9.192410809424e+00       2.990518448905e-01 
       9.925736873929e+00       2.446536116214e-01 
       1.071756414427e+01       2.000365123857e-01 
       1.157255956364e+01       1.634663512284e-01 
       1.249576238137e+01       1.335071693031e-01 
       1.349261385375e+01       1.089775816102e-01 
       1.456898931416e+01       8.890634975071e-02 
       1.573123280165e+01       7.249071382335e-02 
       1.698619445202e+01       5.907216945619e-02 
       1.834127087176e+01       4.810909294747e-02 
       1.980444873285e+01       3.915725249367e-02 
       2.138435184532e+01       3.185120247286e-02 
       2.309029198506e+01       2.589139853024e-02 
       2.493232377636e+01       2.103237415307e-02 
       2.692130395282e+01       1.707286915329e-02 
       2.906895534573e+01       1.384804092503e-02 
       3.138793597714e+01       1.122304299644e-02 
       3.389191366484e+01       9.087473269446e-03 
       3.659564657905e+01       7.351060204773e-03 
       3.951507022538e+01       5.940087312947e-03 
       4.266739136701e+01       4.794319509665e-03 
       4.607118943941e+01       3.864408918980e-03 
       4.974652605557e+01       3.110305849849e-03 
       5.371506324689e+01       2.499283155116e-03 
       5.800019113685e+01       2.004621241366e-03 
       6.262716579983e+01       1.604522817183e-03 
       6.762325811764e+01       1.281243994109e-03 
       7.301791451110e+01       1.020359654586e-03 
       7.884293049406e+01       8.101342781119e-04 
       8.513263807261e+01       6.409843371187e-04 
       9.192410809424e+01       5.051373108396e-04 
       9.925736873929e+01       3.962701882899e-04 
       1.071756414427e+02       3.092386704325e-04 
       1.157255956364e+02       2.398744782509e-04 
       1.249576238137e+02       1.847823023029e-04 
       1.349261385375e+02       1.412102344456e-04 
       1.456898931416e+02       1.069138922044e-04 
       1.573123280165e+02       8.008344536122e-05 
