# Matter power spectrum P(k) at redshift z=99
# for k=1.04775e-05 to 66.1767 h/Mpc,
# number of wavenumbers equal to 130
#    1:k (h/Mpc)              2:P (Mpc/h)^3        
       1.047750691046e-05       7.261927680862e-03 
       1.319039970183e-05       9.069258201849e-03 
       1.660572937635e-05       1.132639106725e-02 
       2.090537469327e-05       1.414527123399e-02 
       2.631830744443e-05       1.766569584058e-02 
       3.313278603720e-05       2.206225515943e-02 
       4.171170630578e-05       2.755297766277e-02 
       5.251192703764e-05       3.441013522947e-02 
       6.610859936996e-05       4.297372172778e-02 
       8.322579568497e-05       5.366826852944e-02 
       1.047750691046e-04       6.702379872775e-02 
       1.319039970183e-04       8.370193441286e-02 
       1.660572937635e-04       1.045283355384e-01 
       2.090537469327e-04       1.305329134104e-01 
       2.631830744443e-04       1.629994506606e-01 
       3.313278603720e-04       2.035264004601e-01 
       4.171170630578e-04       2.541004744243e-01 
       5.251192703764e-04       3.171839528557e-01 
       6.610859936996e-04       3.958147256513e-01 
       8.322579568497e-04       4.937136006509e-01 
       1.047750691046e-03       6.153841636046e-01 
       1.319039970183e-03       7.661720592581e-01 
       1.660572937635e-03       9.522588016438e-01 
       2.090537469327e-03       1.180312991700e+00 
       2.631830744443e-03       1.456802684686e+00 
       3.313278603720e-03       1.786503854045e+00 
       4.171170630578e-03       2.169896180673e+00 
       5.251192703764e-03       2.599430630714e+00 
       6.610859936996e-03       3.055668707655e+00 
       8.322579568497e-03       3.505725598434e+00 
       1.047750691046e-02       3.905490801021e+00 
       1.319039970183e-02       4.200915386701e+00 
       1.660572937633e-02       4.325065423360e+00 
       2.090537453514e-02       4.210201493142e+00 
       2.631818545635e-02       3.825147184357e+00 
       3.311571692125e-02       3.229078840961e+00 
       4.113809243311e-02       2.627719358163e+00 
       4.792590854610e-02       2.280796781442e+00 
       5.284436902701e-02       2.110089400310e+00 
       5.689644391095e-02       2.003539772917e+00 
       6.051252627066e-02       1.923060312484e+00 
       6.388413457411e-02       1.852734499855e+00 
       6.711249296401e-02       1.784562419936e+00 
       7.025823437965e-02       1.714277548147e+00 
       7.336115587705e-02       1.639820437824e+00 
       7.644928796912e-02       1.560663288672e+00 
       7.954353299775e-02       1.477455930904e+00 
       8.266024078725e-02       1.391698775719e+00 
       8.581273398637e-02       1.305463022707e+00 
       8.901225918437e-02       1.221124567480e+00 
       9.226860540985e-02       1.141080737324e+00 
       9.559052048996e-02       1.067450889347e+00 
       9.898599946599e-02       1.001890160757e+00 
       1.024624891378e-01       9.453804774257e-01 
       1.060270359164e-01       8.981507884174e-01 
       1.096863943056e-01       8.596130405696e-01 
       1.134471073830e-01       8.284038709629e-01 
       1.173155669539e-01       8.024670135689e-01 
       1.212980586983e-01       7.792304132057e-01 
       1.254007961065e-01       7.559170470110e-01 
       1.296299459934e-01       7.299816464646e-01 
       1.339916477160e-01       6.995936744085e-01 
       1.384920277736e-01       6.640773091372e-01 
       1.431372111762e-01       6.241465110927e-01 
       1.479333307714e-01       5.817628680546e-01 
       1.528865355934e-01       5.396936010334e-01 
       1.580029992204e-01       5.008142736284e-01 
       1.632889290723e-01       4.673981849674e-01 
       1.687505775527e-01       4.405340079843e-01 
       1.743942559171e-01       4.198656849502e-01 
       1.802263517371e-01       4.036609985141e-01 
       1.862533508214e-01       3.893596147850e-01 
       1.924818644494e-01       3.741343496407e-01 
       1.989186627765e-01       3.558015404162e-01 
       2.055707152847e-01       3.339982246030e-01 
       2.124452391818e-01       3.102657142673e-01 
       2.195497567139e-01       2.871230081058e-01 
       2.268921624510e-01       2.668089760059e-01 
       2.344808017550e-01       2.504836058470e-01 
       2.423245618548e-01       2.378332320900e-01 
       2.504329772620e-01       2.271118655133e-01 
       2.588163516754e-01       2.161170202875e-01 
       2.674858990930e-01       2.035457026402e-01 
       2.764539076010e-01       1.895974500608e-01 
       2.857339303080e-01       1.757571409811e-01 
       2.953410092148e-01       1.636995545845e-01 
       3.052919395542e-01       1.539067824090e-01 
       3.156055844677e-01       1.455311889615e-01 
       3.263032530092e-01       1.372501106778e-01 
       3.374091587054e-01       1.283013763831e-01 
       3.489509817175e-01       1.191713626889e-01 
       3.609605657343e-01       1.108074443718e-01 
       3.734747921333e-01       1.036452102499e-01 
       3.865366902904e-01       9.714145796380e-02 
       4.001968667448e-01       9.061581994986e-02 
       4.145153713076e-01       8.403690327137e-02 
       4.295641718077e-01       7.789120470762e-02 
       4.454304922144e-01       7.234176971790e-02 
       4.622214006969e-01       6.709381457856e-02 
       4.800702491654e-01       6.189208815511e-02 
       4.991459272112e-01       5.692643252743e-02 
       5.196665217302e-01       5.231629161057e-02 
       5.419201087032e-01       4.783265506535e-02 
       5.662975451962e-01       4.348685119870e-02 
       5.933463737275e-01       3.933112519088e-02 
       6.238638458458e-01       3.525356575739e-02 
       6.590669257916e-01       3.126298989288e-02 
       7.009246080454e-01       2.728740818926e-02 
       7.528593308799e-01       2.327860790319e-02 
       8.213469537518e-01       1.914829546551e-02 
       9.196980813302e-01       1.481705663643e-02 
       1.075112183810e+00       1.035093566981e-02 
       1.322697471132e+00       6.379485052203e-03 
       1.662328205042e+00       3.705683568973e-03 
       2.092692408506e+00       2.124537963731e-03 
       2.634543445090e+00       1.207965967208e-03 
       3.316693691389e+00       6.817111007811e-04 
       4.175469971226e+00       3.821230624876e-04 
       5.256605252960e+00       2.128737482656e-04 
       6.617673932723e+00       1.179220251729e-04 
       8.331157880872e+00       6.498682398238e-05 
       1.048830636590e+01       3.564486910061e-05 
       1.320399541071e+01       1.946564279889e-05 
       1.662284535976e+01       1.058751187516e-05 
       2.092692243973e+01       5.737075872857e-06 
       2.634543445002e+01       3.097899428241e-06 
       3.316693691389e+01       1.667344498361e-06 
       4.175469971226e+01       8.946036775027e-07 
       5.256605252960e+01       4.785666721924e-07 
       6.617673932723e+01       2.552600547026e-07 
