# Matter power spectrum P(k) at redshift z=99
# for k=1.04775e-05 to 66.1767 h/Mpc,
# number of wavenumbers equal to 130
#    1:k (h/Mpc)              2:P (Mpc/h)^3        
       1.047750691046e-05       7.261928085848e-03 
       1.319039970183e-05       9.069258709479e-03 
       1.660572937635e-05       1.132639176936e-02 
       2.090537469327e-05       1.414527202153e-02 
       2.631830744443e-05       1.766569667306e-02 
       3.313278603720e-05       2.206225638600e-02 
       4.171170630578e-05       2.755297918853e-02 
       5.251192703764e-05       3.441013713550e-02 
       6.610859936996e-05       4.297372411990e-02 
       8.322579568497e-05       5.366827151144e-02 
       1.047750691046e-04       6.702380245567e-02 
       1.319039970183e-04       8.370193916631e-02 
       1.660572937635e-04       1.045283413275e-01 
       2.090537469327e-04       1.305329206027e-01 
       2.631830744443e-04       1.629994591534e-01 
       3.313278603720e-04       2.035264114899e-01 
       4.171170630578e-04       2.541004879676e-01 
       5.251192703764e-04       3.171839693064e-01 
       6.610859936996e-04       3.958147452202e-01 
       8.322579568497e-04       4.937136232039e-01 
       1.047750691046e-03       6.153841879635e-01 
       1.319039970183e-03       7.661720818594e-01 
       1.660572937635e-03       9.522588134613e-01 
       2.090537469327e-03       1.180312962362e+00 
       2.631830744443e-03       1.456802537644e+00 
       3.313278603720e-03       1.786503403256e+00 
       4.171170630578e-03       2.169895020691e+00 
       5.251192703764e-03       2.599427478547e+00 
       6.610859936996e-03       3.055660676555e+00 
       8.322579568497e-03       3.505704888845e+00 
       1.047750691046e-02       3.905443155106e+00 
       1.319039970183e-02       4.200800460514e+00 
       1.660572937633e-02       4.324804012085e+00 
       2.090537453514e-02       4.209647627372e+00 
       2.631818545635e-02       3.824031082616e+00 
       3.311571692125e-02       3.226960425627e+00 
       4.113809243311e-02       2.624197628685e+00 
       4.792590854610e-02       2.275931663623e+00 
       5.284436902701e-02       2.104224204153e+00 
       5.689644391095e-02       1.996851789623e+00 
       6.051252627066e-02       1.915642249276e+00 
       6.388413457411e-02       1.844668986908e+00 
       6.711249296401e-02       1.775900511836e+00 
       7.025823437965e-02       1.705063496735e+00 
       7.336115587705e-02       1.630098329818e+00 
       7.644928796912e-02       1.550478752099e+00 
       7.954353299775e-02       1.466842078374e+00 
       8.266024078725e-02       1.380673909148e+00 
       8.581273398637e-02       1.294043677101e+00 
       8.901225918437e-02       1.209324816455e+00 
       9.226860540985e-02       1.128889527896e+00 
       9.559052048996e-02       1.054861617657e+00 
       9.898599946599e-02       9.888722489102e-01 
       1.024624891378e-01       9.319040139692e-01 
       1.060270359164e-01       8.841684031394e-01 
       1.096863943056e-01       8.450872228174e-01 
       1.134471073830e-01       8.132969366543e-01 
       1.173155669539e-01       7.867527371432e-01 
       1.212980586983e-01       7.629130495808e-01 
       1.254007961065e-01       7.390248043789e-01 
       1.296299459934e-01       7.125671371124e-01 
       1.339916477160e-01       6.817337272025e-01 
       1.384920277736e-01       6.458631260258e-01 
       1.431372111762e-01       6.056604628796e-01 
       1.479333307714e-01       5.630676820809e-01 
       1.528865355934e-01       5.208130625694e-01 
       1.580029992204e-01       4.817257902159e-01 
       1.632889290723e-01       4.480370509305e-01 
       1.687505775527e-01       4.208051260618e-01 
       1.743942559171e-01       3.996709655014e-01 
       1.802263517371e-01       3.829370128268e-01 
       1.862533508214e-01       3.681061733112e-01 
       1.924818644494e-01       3.524225269972e-01 
       1.989186627765e-01       3.337683451903e-01 
       2.055707152847e-01       3.117993382466e-01 
       2.124452391818e-01       2.880117807418e-01 
       2.195497567139e-01       2.648457975712e-01 
       2.268921624510e-01       2.444508336164e-01 
       2.344808017550e-01       2.279336060672e-01 
       2.423245618548e-01       2.149803122986e-01 
       2.504329772620e-01       2.039229403605e-01 
       2.588163516754e-01       1.926682396865e-01 
       2.674858990930e-01       1.799863963194e-01 
       2.764539076010e-01       1.660720316697e-01 
       2.857339303080e-01       1.523220604484e-01 
       2.953410092148e-01       1.402975412681e-01 
       3.052919395542e-01       1.304363327400e-01 
       3.156055844677e-01       1.219500324895e-01 
       3.263032530092e-01       1.136202960719e-01 
       3.374091587054e-01       1.047534202755e-01 
       3.489509817175e-01       9.579212567148e-02 
       3.609605657343e-01       8.758948982667e-02 
       3.734747921333e-01       8.052852737455e-02 
       3.865366902904e-01       7.412230572243e-02 
       4.001968667448e-01       6.777308578881e-02 
       4.145153713076e-01       6.145416340240e-02 
       4.295641718077e-01       5.558299552923e-02 
       4.454304922144e-01       5.029410550018e-02 
       4.622214006969e-01       4.533828559109e-02 
       4.800702491654e-01       4.050398918031e-02 
       4.991459272112e-01       3.594576750999e-02 
       5.196665217302e-01       3.175885680315e-02 
       5.419201087032e-01       2.776375219159e-02 
       5.662975451962e-01       2.397164814217e-02 
       5.933463737275e-01       2.042548225718e-02 
       6.238638458458e-01       1.705069287500e-02 
       6.590669257916e-01       1.386523818084e-02 
       7.009246080454e-01       1.084029698666e-02 
       7.528593308799e-01       7.980209470972e-03 
       8.213469537518e-01       5.298389780993e-03 
       9.196980813302e-01       2.882763874309e-03 
       1.075112183810e+00       1.006670719917e-03 
       1.322697471132e+00       1.069422683725e-04 
       1.662328205042e+00       1.190648612321e-05 
       2.092692408506e+00       6.990295315963e-05 
       2.634543445090e+00       4.885971449595e-05 
       3.316693691389e+00       9.439023129448e-06 
       4.175469971226e+00       8.377112237342e-11 
       5.256605252960e+00       6.355598319476e-07 
       6.617673932723e+00       7.592026485098e-08 
       8.331157880872e+00       7.895991618584e-09 
       1.048830636590e+01       1.073626631150e-09 
       1.320399541071e+01       1.140607128778e-10 
       1.662284535976e+01       3.337483192800e-12 
       2.092692243973e+01       1.101487669060e-13 
       2.634543445002e+01       6.105081250309e-14 
       3.316693691389e+01       1.371042654625e-14 
       4.175469971226e+01       2.815149886811e-15 
       5.256605252960e+01       2.933200390043e-16 
       6.617673932723e+01       5.998161663526e-18 
