# Matter power spectrum P(k) at redshift z=0
# for k=1.04775e-05 to 66.1767 h/Mpc,
# number of wavenumbers equal to 130
#    1:k (h/Mpc)              2:P (Mpc/h)^3        
       1.047750691046e-05       5.020964793469e+01 
       1.319039970183e-05       6.270561616908e+01 
       1.660572937635e-05       7.831147353635e+01 
       2.090537469327e-05       9.780106861975e+01 
       2.631830744443e-05       1.221408204455e+02 
       3.313278603720e-05       1.525374504647e+02 
       4.171170630578e-05       1.904975999791e+02 
       5.251192703764e-05       2.379022228540e+02 
       6.610859936996e-05       2.970989228269e+02 
       8.322579568497e-05       3.710167325566e+02 
       1.047750691046e-04       4.633080766767e+02 
       1.319039970183e-04       5.785234133693e+02 
       1.660572937635e-04       7.223242666067e+02 
       2.090537469327e-04       9.017396271667e+02 
       2.631830744443e-04       1.125468122996e+03 
       3.313278603720e-04       1.404223053638e+03 
       4.171170630578e-04       1.751108028060e+03 
       5.251192703764e-04       2.181998447038e+03 
       6.610859936996e-04       2.715889983469e+03 
       8.322579568497e-04       3.375152334007e+03 
       1.047750691046e-03       4.185552165322e+03 
       1.319039970183e-03       5.175742714436e+03 
       1.660572937635e-03       6.376122959173e+03 
       2.090537469327e-03       7.815671599226e+03 
       2.631830744443e-03       9.517782248451e+03 
       3.313278603720e-03       1.149357224848e+04 
       4.171170630578e-03       1.373265383851e+04 
       5.251192703764e-03       1.619061857364e+04 
       6.610859936996e-03       1.877455887649e+04 
       8.322579568497e-03       2.132595536969e+04 
       1.047750691046e-02       2.360521081408e+04 
       1.319039970183e-02       2.528154659957e+04 
       1.660572937633e-02       2.594886803203e+04 
       2.090537453514e-02       2.520631285876e+04 
       2.631818545635e-02       2.286422383573e+04 
       3.311571692125e-02       1.927481499936e+04 
       4.113809243311e-02       1.566527371316e+04 
       4.792590854610e-02       1.358468389173e+04 
       5.284436902701e-02       1.256015753290e+04 
       5.689644391095e-02       1.192014707924e+04 
       6.051252627066e-02       1.143634611382e+04 
       6.388413457411e-02       1.101348290952e+04 
       6.711249296401e-02       1.060359884934e+04 
       7.025823437965e-02       1.018118712972e+04 
       7.336115587705e-02       9.733950742924e+03 
       7.644928796912e-02       9.258836011695e+03 
       7.954353299775e-02       8.759670934951e+03 
       8.266024078725e-02       8.245304908031e+03 
       8.581273398637e-02       7.728261469592e+03 
       8.901225918437e-02       7.222710434695e+03 
       9.226860540985e-02       6.742908920881e+03 
       9.559052048996e-02       6.301458778912e+03 
       9.898599946599e-02       5.908190748213e+03 
       1.024624891378e-01       5.568921529516e+03 
       1.060270359164e-01       5.284973930631e+03 
       1.096863943056e-01       5.052761184354e+03 
       1.134471073830e-01       4.864185635816e+03 
       1.173155669539e-01       4.706891006738e+03 
       1.212980586983e-01       4.565738718917e+03 
       1.254007961065e-01       4.424136418976e+03 
       1.296299459934e-01       4.267037994532e+03 
       1.339916477160e-01       4.083608800727e+03 
       1.384920277736e-01       3.869920972139e+03 
       1.431372111762e-01       3.630191665194e+03 
       1.479333307714e-01       3.376155069069e+03 
       1.528865355934e-01       3.124165289549e+03 
       1.580029992204e-01       2.891194441879e+03 
       1.632889290723e-01       2.690637330427e+03 
       1.687505775527e-01       2.528765858736e+03 
       1.743942559171e-01       2.403484711359e+03 
       1.802263517371e-01       2.304495794381e+03 
       1.862533508214e-01       2.216859261749e+03 
       1.924818644494e-01       2.123958298972e+03 
       1.989186627765e-01       2.013085631615e+03 
       2.055707152847e-01       1.882184826347e+03 
       2.124452391818e-01       1.740287241970e+03 
       2.195497567139e-01       1.602095529341e+03 
       2.268921624510e-01       1.480549423726e+03 
       2.344808017550e-01       1.382324050062e+03 
       2.423245618548e-01       1.305501569028e+03 
       2.504329772620e-01       1.240020625942e+03 
       2.588163516754e-01       1.173227707645e+03 
       2.674858990930e-01       1.097694917745e+03 
       2.764539076010e-01       1.014623450588e+03 
       2.857339303080e-01       9.324661523998e+02 
       2.953410092148e-01       8.606928329450e+02 
       3.052919395542e-01       8.019533999157e+02 
       3.156055844677e-01       7.514553407741e+02 
       3.263032530092e-01       7.017894067237e+02 
       3.374091587054e-01       6.487506012057e+02 
       3.489509817175e-01       5.950412693346e+02 
       3.609605657343e-01       5.458632153779e+02 
       3.734747921333e-01       5.035652687164e+02 
       3.865366902904e-01       4.651620625648e+02 
       4.001968667448e-01       4.269919272820e+02 
       4.145153713076e-01       3.888966910589e+02 
       4.295641718077e-01       3.534485927996e+02 
       4.454304922144e-01       3.214809570589e+02 
       4.622214006969e-01       2.914505218633e+02 
       4.800702491654e-01       2.620451468392e+02 
       4.991459272112e-01       2.342328817588e+02 
       5.196665217302e-01       2.086043943852e+02 
       5.419201087032e-01       1.840309382509e+02 
       5.662975451962e-01       1.605805707611e+02 
       5.933463737275e-01       1.385184668867e+02 
       6.238638458458e-01       1.173563019784e+02 
       6.590669257916e-01       9.719001786405e+01 
       7.009246080454e-01       7.779826048911e+01 
       7.528593308799e-01       5.914927927843e+01 
       8.213469537518e-01       4.122019705799e+01 
       9.196980813302e-01       2.439590012253e+01 
       1.075112183810e+00       1.025749181000e+01 
       1.322697471132e+00       2.062943124494e+00 
       1.662328205042e+00       2.980237454651e-02 
       2.092692408506e+00       1.965421100142e-01 
       2.634543445090e+00       2.937311933127e-01 
       3.316693691389e+00       1.180434367255e-01 
       4.175469971226e+00       8.828743737274e-03 
       5.256605252960e+00       1.507991199453e-03 
       6.617673932723e+00       1.634004318916e-03 
       8.331157880872e+00       1.392760835759e-05 
       1.048830636590e+01       3.125981847377e-05 
       1.320399541071e+01       1.760673213205e-08 
       1.662284535976e+01       1.068430907192e-07 
       2.092692243973e+01       1.578878971722e-08 
       2.634543445002e+01       2.211964737656e-10 
       3.316693691389e+01       3.924868015122e-10 
       4.175469971226e+01       1.270268553801e-10 
       5.256605252960e+01       4.532291046840e-11 
       6.617673932723e+01       1.419546014950e-11 
