# Matter power spectrum P(k) at redshift z=0
# for k=1.04775e-05 to 66.1767 h/Mpc,
# number of wavenumbers equal to 130
#    1:k (h/Mpc)              2:P (Mpc/h)^3        
       1.047750691046e-05       5.020964811308e+01 
       1.319039970183e-05       6.270562594777e+01 
       1.660572937635e-05       7.831147247912e+01 
       2.090537469327e-05       9.780108069298e+01 
       2.631830744443e-05       1.221408203809e+02 
       3.313278603720e-05       1.525374501932e+02 
       4.171170630578e-05       1.904975994009e+02 
       5.251192703764e-05       2.379022224249e+02 
       6.610859936996e-05       2.970989227881e+02 
       8.322579568497e-05       3.710167318946e+02 
       1.047750691046e-04       4.633080766742e+02 
       1.319039970183e-04       5.785234129325e+02 
       1.660572937635e-04       7.223242666092e+02 
       2.090537469327e-04       9.017396271824e+02 
       2.631830744443e-04       1.125468123750e+03 
       3.313278603720e-04       1.404223053681e+03 
       4.171170630578e-04       1.751108028790e+03 
       5.251192703764e-04       2.181998448133e+03 
       6.610859936996e-04       2.715889983591e+03 
       8.322579568497e-04       3.375152337115e+03 
       1.047750691046e-03       4.185552174335e+03 
       1.319039970183e-03       5.175742743843e+03 
       1.660572937635e-03       6.376123051753e+03 
       2.090537469327e-03       7.815671876747e+03 
       2.631830744443e-03       9.517783069101e+03 
       3.313278603720e-03       1.149357460343e+04 
       4.171170630578e-03       1.373265999130e+04 
       5.251192703764e-03       1.619063614529e+04 
       6.610859936996e-03       1.877460424515e+04 
       8.322579568497e-03       2.132607128257e+04 
       1.047750691046e-02       2.360548199213e+04 
       1.319039970183e-02       2.528218713149e+04 
       1.660572937633e-02       2.595028071403e+04 
       2.090537453514e-02       2.520935069215e+04 
       2.631818545635e-02       2.287032751953e+04 
       3.311571692125e-02       1.928623248120e+04 
       4.113809243311e-02       1.568425941591e+04 
       4.792590854610e-02       1.361060937850e+04 
       5.284436902701e-02       1.259128340382e+04 
       5.689644391095e-02       1.195556088684e+04 
       6.051252627066e-02       1.147546324672e+04 
       6.388413457411e-02       1.105591037071e+04 
       6.711249296401e-02       1.064899550764e+04 
       7.025823437965e-02       1.022928559508e+04 
       7.336115587705e-02       9.784543148058e+03 
       7.644928796912e-02       9.311607525777e+03 
       7.954353299775e-02       8.814521924753e+03 
       8.266024078725e-02       8.302144350753e+03 
       8.581273398637e-02       7.786951058935e+03 
       8.901225918437e-02       7.283185350452e+03 
       9.226860540985e-02       6.805150115140e+03 
       9.559052048996e-02       6.365618471582e+03 
       9.898599946599e-02       5.974388837815e+03 
       1.024624891378e-01       5.637342877243e+03 
       1.060270359164e-01       5.355790769400e+03 
       1.096863943056e-01       5.126252892431e+03 
       1.134471073830e-01       4.940491305224e+03 
       1.173155669539e-01       4.786150544178e+03 
       1.212980586983e-01       4.647938156921e+03 
       1.254007961065e-01       4.509135476680e+03 
       1.296299459934e-01       4.354548435752e+03 
       1.339916477160e-01       4.173207523659e+03 
       1.384920277736e-01       3.961165823299e+03 
       1.431372111762e-01       3.722682289117e+03 
       1.479333307714e-01       3.469543640302e+03 
       1.528865355934e-01       3.218360796834e+03 
       1.580029992204e-01       2.986282941923e+03 
       1.632889290723e-01       2.786965066116e+03 
       1.687505775527e-01       2.626832360161e+03 
       1.743942559171e-01       2.503772948383e+03 
       1.802263517371e-01       2.407324379836e+03 
       1.862533508214e-01       2.322250778347e+03 
       1.924818644494e-01       2.231555046824e+03 
       1.989186627765e-01       2.122191713871e+03 
       2.055707152847e-01       1.992039722462e+03 
       2.124452391818e-01       1.850316834832e+03 
       2.195497567139e-01       1.712175037793e+03 
       2.268921624510e-01       1.590985196823e+03 
       2.344808017550e-01       1.493663499852e+03 
       2.423245618548e-01       1.418304946057e+03 
       2.504329772620e-01       1.354464273879e+03 
       2.588163516754e-01       1.288932918992e+03 
       2.674858990930e-01       1.213935748041e+03 
       2.764539076010e-01       1.130692527620e+03 
       2.857339303080e-01       1.048099714483e+03 
       2.953410092148e-01       9.761803630780e+02 
       3.052919395542e-01       9.178075896247e+02 
       3.156055844677e-01       8.678963152585e+02 
       3.263032530092e-01       8.185268085518e+02 
       3.374091587054e-01       7.651441440912e+02 
       3.489509817175e-01       7.106689455705e+02 
       3.609605657343e-01       6.607844598202e+02 
       3.734747921333e-01       6.180831762964e+02 
       3.865366902904e-01       5.793116044462e+02 
       4.001968667448e-01       5.403896316601e+02 
       4.145153713076e-01       5.011508814782e+02 
       4.295641718077e-01       4.644987584148e+02 
       4.454304922144e-01       4.314067890217e+02 
       4.622214006969e-01       4.001121870260e+02 
       4.800702491654e-01       3.690883470457e+02 
       4.991459272112e-01       3.394747650003e+02 
       5.196665217302e-01       3.119857693623e+02 
       5.419201087032e-01       2.852465531207e+02 
       5.662975451962e-01       2.593310835654e+02 
       5.933463737275e-01       2.345471401924e+02 
       6.238638458458e-01       2.102309892686e+02 
       6.590669257916e-01       1.864337311240e+02 
       7.009246080454e-01       1.627253752420e+02 
       7.528593308799e-01       1.388182211555e+02 
       8.213469537518e-01       1.141878049791e+02 
       9.196980813302e-01       8.835911438429e+01 
       1.075112183810e+00       6.172579232968e+01 
       1.322697471132e+00       3.804252476620e+01 
       1.662328205042e+00       2.209773736576e+01 
       2.092692408506e+00       1.266897556480e+01 
       2.634543445090e+00       7.203177983263e+00 
       3.316693691389e+00       4.064968450013e+00 
       4.175469971226e+00       2.278498182522e+00 
       5.256605252960e+00       1.269245102969e+00 
       6.617673932723e+00       7.030571229569e-01 
       8.331157880872e+00       3.874131907917e-01 
       1.048830636590e+01       2.124608950876e-01 
       1.320399541071e+01       1.159969553433e-01 
       1.662284535976e+01       6.306831196973e-02 
       2.092692243973e+01       3.415539043018e-02 
       2.634543445002e+01       1.842764360440e-02 
       3.316693691389e+01       9.904932417911e-03 
       4.175469971226e+01       5.303710472675e-03 
       5.256605252960e+01       2.828366695086e-03 
       6.617673932723e+01       1.501431102134e-03 
