# Matter power spectrum P(k) at redshift z=0
# for k=1.04775e-05 to 157.312 h/Mpc,
# number of wavenumbers equal to 257
#    1:k (h/Mpc)              2:P (Mpc/h)^3        
       1.047750691338e-05       5.020963906804e+01 
       1.131335172818e-05       5.407048937148e+01 
       1.221587619877e-05       5.822820724029e+01 
       1.319039970550e-05       6.270562047250e+01 
       1.424266598317e-05       6.752731476098e+01 
       1.537887697396e-05       7.271975715395e+01 
       1.660572938097e-05       7.831147101246e+01 
       1.793045413791e-05       8.433312302135e+01 
       1.936085902737e-05       9.081780130646e+01 
       2.090537469909e-05       9.780107449558e+01 
       2.257310435923e-05       1.053212938596e+02 
       2.437387742372e-05       1.134197268469e+02 
       2.631830745176e-05       1.221408285625e+02 
       2.841785470091e-05       1.315324590474e+02 
       3.068489367268e-05       1.416461671356e+02 
       3.313278604643e-05       1.525374478905e+02 
       3.577595943165e-05       1.642660517208e+02 
       3.862999240274e-05       1.768963429374e+02 
       4.171170631739e-05       1.904975997819e+02 
       4.503926445983e-05       2.051444243234e+02 
       4.863227909323e-05       2.209171412049e+02 
       5.251192705226e-05       2.379022266148e+02 
       5.670107455699e-05       2.561927841241e+02 
       6.122441198393e-05       2.758890479693e+02 
       6.610859938837e-05       2.970989213983e+02 
       7.138242363583e-05       3.199385559930e+02 
       7.707696806873e-05       3.445329727006e+02 
       8.322579570814e-05       3.710167324010e+02 
       8.986514707061e-05       3.995346444121e+02 
       9.703415376577e-05       4.302425389349e+02 
       1.047750691338e-04       4.633080773457e+02 
       1.131335172818e-04       4.989116271620e+02 
       1.221587619877e-04       5.372471938794e+02 
       1.319039970550e-04       5.785234116879e+02 
       1.424266598317e-04       6.229645933133e+02 
       1.537887697396e-04       6.708118487510e+02 
       1.660572938097e-04       7.223242657763e+02 
       1.793045413791e-04       7.777801571265e+02 
       1.936085902737e-04       8.374783638365e+02 
       2.090537469909e-04       9.017396276712e+02 
       2.257310435923e-04       9.709080297651e+02 
       2.437387742372e-04       1.045352453376e+03 
       2.631830745176e-04       1.125468127721e+03 
       2.841785470091e-04       1.211678185928e+03 
       3.068489367268e-04       1.304435256065e+03 
       3.313278604643e-04       1.404223062921e+03 
       3.577595943165e-04       1.511558029577e+03 
       3.862999240274e-04       1.626990852555e+03 
       4.171170631739e-04       1.751108045602e+03 
       4.503926445983e-04       1.884533404755e+03 
       4.863227909323e-04       2.027929406956e+03 
       5.251192705226e-04       2.181998483913e+03 
       5.670107455699e-04       2.347484146066e+03 
       6.122441198393e-04       2.525171925196e+03 
       6.610859938837e-04       2.715890054978e+03 
       7.138242363583e-04       2.920509779320e+03 
       7.707696806873e-04       3.139945208051e+03 
       8.322579570814e-04       3.375152477018e+03 
       8.986514707061e-04       3.627128020461e+03 
       9.703415376577e-04       3.896905669503e+03 
       1.047750691338e-03       4.185552452611e+03 
       1.131335172818e-03       4.494162775566e+03 
       1.221587619877e-03       4.823851150586e+03 
       1.319039970550e-03       5.175743278699e+03 
       1.424266598317e-03       5.551020298666e+03 
       1.537887697396e-03       5.950789185410e+03 
       1.660572938097e-03       6.376124150024e+03 
       1.793045413791e-03       6.828075236550e+03 
       1.936085902737e-03       7.307627051000e+03 
       2.090537469909e-03       7.815673958981e+03 
       2.257310435923e-03       8.352992922882e+03 
       2.437387742372e-03       8.920214306211e+03 
       2.631830745176e-03       9.517787166499e+03 
       2.841785470091e-03       1.014594130643e+04 
       3.068489367268e-03       1.080465136439e+04 
       3.313278604643e-03       1.149358239452e+04 
       3.577595943165e-03       1.221204586774e+04 
       3.862999240274e-03       1.295893666376e+04 
       4.171170631739e-03       1.373267338455e+04 
       4.503926445983e-03       1.453113499808e+04 
       4.863227909323e-03       1.535157114901e+04 
       5.251192705226e-03       1.619066154314e+04 
       5.670107455699e-03       1.704433880788e+04 
       6.122441198393e-03       1.790758124735e+04 
       6.610859938837e-03       1.877461996324e+04 
       7.138242363583e-03       1.963874650850e+04 
       7.707696806873e-03       2.049217384126e+04 
       8.322579570814e-03       2.132608018123e+04 
       8.986514707061e-03       2.213056713900e+04 
       9.703415376577e-03       2.289447300615e+04 
       1.047750691338e-02       2.360549523030e+04 
       1.131335172818e-02       2.425024112669e+04 
       1.221587619877e-02       2.481424701448e+04 
       1.319039970550e-02       2.528219984790e+04 
       1.424266598317e-02       2.563815127292e+04 
       1.537887697392e-02       2.586607636560e+04 
       1.660572938023e-02       2.595027056473e+04 
       1.793045412706e-02       2.587635527705e+04 
       1.936085890181e-02       2.563219655248e+04 
       2.090537352463e-02       2.520936544429e+04 
       2.257309535333e-02       2.460445412619e+04 
       2.437382002918e-02       2.382089132036e+04 
       2.631799944462e-02       2.287044814120e+04 
       2.841644545389e-02       2.177449757295e+04 
       3.067933355377e-02       2.056556660089e+04 
       3.311368470740e-02       1.928731365357e+04 
       3.571840443502e-02       1.799401842182e+04 
       3.847720348444e-02       1.674684499500e+04 
       4.135335538431e-02       1.560459556320e+04 
       4.429361667738e-02       1.461037555222e+04 
       4.724366439141e-02       1.378055649613e+04 
       5.016480835311e-02       1.310505109040e+04 
       5.303989620246e-02       1.255717682358e+04 
       5.586870669566e-02       1.210422953611e+04 
       5.866042680613e-02       1.171465017960e+04 
       6.142798932958e-02       1.136046058659e+04 
       6.418496440164e-02       1.101856864014e+04 
       6.694418833788e-02       1.067068174112e+04 
       6.971731106057e-02       1.030355536582e+04 
       7.251476155766e-02       9.908986101711e+03 
       7.534587671527e-02       9.483733541248e+03 
       7.821907666265e-02       9.029507433527e+03 
       8.114203772912e-02       8.552284256441e+03 
       8.412184535029e-02       8.061887646703e+03 
       8.716512279304e-02       7.570731441948e+03 
       9.027813695930e-02       7.092462370859e+03 
       9.346688431697e-02       6.640510607318e+03 
       9.673716028275e-02       6.226696027504e+03 
       1.000946150830e-01       5.859920238271e+03 
       1.035447986537e-01       5.545263827913e+03 
       1.070931966762e-01       5.283127379569e+03 
       1.107452594425e-01       5.069411455821e+03 
       1.145064249153e-01       4.895234738314e+03 
       1.183821370918e-01       4.747830189063e+03 
       1.223778605862e-01       4.611707974383e+03 
       1.264990921987e-01       4.470588011713e+03 
       1.307513701367e-01       4.310240730971e+03 
       1.351402814784e-01       4.121344200474e+03 
       1.396714684203e-01       3.902047584397e+03 
       1.443506338194e-01       3.658629581052e+03 
       1.491835465229e-01       3.404475131947e+03 
       1.541760469708e-01       3.156656540657e+03 
       1.593340535561e-01       2.931935299401e+03 
       1.646635702297e-01       2.742349006311e+03 
       1.701706958456e-01       2.592228522756e+03 
       1.758616357459e-01       2.477215997299e+03 
       1.817427160982e-01       2.385156566690e+03 
       1.878204015065e-01       2.300340381417e+03 
       1.941013164283e-01       2.205731540524e+03 
       2.005922709503e-01       2.090791914221e+03 
       2.073002914972e-01       1.956438903812e+03 
       2.142326570816e-01       1.814167576800e+03 
       2.213969417533e-01       1.679257914858e+03 
       2.288010639706e-01       1.563819054565e+03 
       2.364533437147e-01       1.472657722485e+03 
       2.443625682930e-01       1.401496713137e+03 
       2.525380679504e-01       1.338387236065e+03 
       2.609898026346e-01       1.270872930292e+03 
       2.697284615565e-01       1.193355441718e+03 
       2.787655775689e-01       1.109314287412e+03 
       2.881136588829e-01       1.028742821088e+03 
       2.977863412677e-01       9.604546701402e+02 
       3.077985646929e-01       9.049965589996e+02 
       3.181667794071e-01       8.561174763581e+02 
       3.289091877812e-01       8.061622346575e+02 
       3.400460299658e-01       7.523651574146e+02 
       3.515999236474e-01       6.988974593424e+02 
       3.635962711085e-01       6.510381007903e+02 
       3.760637506334e-01       6.100964902470e+02 
       3.890349143879e-01       5.721072496130e+02 
       4.025469216825e-01       5.337571763848e+02 
       4.166424456376e-01       4.956069471748e+02 
       4.313708035863e-01       4.604447162395e+02 
       4.467893782977e-01       4.287531279772e+02 
       4.629654199663e-01       3.987489406667e+02 
       4.799783501994e-01       3.692184813153e+02 
       4.979227319373e-01       3.412166567376e+02 
       5.169121270864e-01       3.154606654344e+02 
       5.370841404489e-01       2.908128393895e+02 
       5.586070464571e-01       2.670831976009e+02 
       5.816885094930e-01       2.447876034191e+02 
       6.065870144995e-01       2.235460826374e+02 
       6.336266468475e-01       2.031885830995e+02 
       6.632156059511e-01       1.838576837325e+02 
       6.958678639262e-01       1.653348807804e+02 
       7.322247985589e-01       1.476761687036e+02 
       7.730680195113e-01       1.308146184532e+02 
       8.193049553677e-01       1.148122606597e+02 
       8.718988016039e-01       9.974432266455e+01 
       9.317218031081e-01       8.575992189076e+01 
       9.993660908989e-01       7.303754821097e+01 
       1.075037110174e+00       6.171936149347e+01 
       1.158653485707e+00       5.186300482197e+01 
       1.250099157308e+00       4.342493692556e+01 
       1.349432401273e+00       3.627466484377e+01 
       1.456947457397e+00       3.025414658838e+01 
       1.573135111331e+00       2.520108423816e+01 
       1.698621895592e+00       2.096920208957e+01 
       1.834127512934e+00       1.743016432008e+01 
       1.980444934528e+00       1.447398895619e+01 
       2.138435191726e+00       1.200779396509e+01 
       2.309029199186e+00       9.952557806955e+00 
       2.493232377687e+00       8.241697389820e+00 
       2.692130395285e+00       6.818987712792e+00 
       2.906895534573e+00       5.637083294696e+00 
       3.138793597714e+00       4.656156663244e+00 
       3.389191366484e+00       3.842842090251e+00 
       3.659564657905e+00       3.169037392331e+00 
       3.951507022538e+00       2.611370345071e+00 
       4.266739136701e+00       2.150222970869e+00 
       4.607118943941e+00       1.769159192947e+00 
       4.974652605557e+00       1.454545784936e+00 
       5.371506324689e+00       1.195020243263e+00 
       5.800019113685e+00       9.810743574083e-01 
       6.262716579983e+00       8.048379584699e-01 
       6.762325811764e+00       6.597783180798e-01 
       7.301791451110e+00       5.404641121019e-01 
       7.884293049406e+00       4.423908731257e-01 
       8.513263807261e+00       3.618345927269e-01 
       9.192410809424e+00       2.957113388106e-01 
       9.925736873929e+00       2.414725578559e-01 
       1.071756414427e+01       1.970135801910e-01 
       1.157255956364e+01       1.605933070858e-01 
       1.249576238137e+01       1.307787029149e-01 
       1.349261385375e+01       1.063891353822e-01 
       1.456898931416e+01       8.645293779934e-02 
       1.573123280165e+01       7.016703434939e-02 
       1.698619445202e+01       5.687244401853e-02 
       1.834127087176e+01       4.602998608013e-02 
       1.980444873285e+01       3.719465027267e-02 
       2.138435184532e+01       3.000045396277e-02 
       2.309029198506e+01       2.414869502575e-02 
       2.493232377636e+01       1.939418349743e-02 
       2.692130395282e+01       1.553571296243e-02 
       2.906895534573e+01       1.240842889806e-02 
       3.138793597714e+01       9.877799444087e-03 
       3.389191366484e+01       7.833439463431e-03 
       3.659564657905e+01       6.185312121502e-03 
       3.951507022538e+01       4.859541045669e-03 
       4.266739136701e+01       3.796132368570e-03 
       4.607118943941e+01       2.945843438883e-03 
       4.974652605557e+01       2.268511707539e-03 
       5.371506324689e+01       1.731466132597e-03 
       5.800019113685e+01       1.307971502625e-03 
       6.262716579983e+01       9.761267802462e-04 
       6.762325811764e+01       7.181736517847e-04 
       7.301791451110e+01       5.195613527318e-04 
       7.884293049406e+01       3.683696812366e-04 
       8.513263807261e+01       2.549103789636e-04 
       9.192410809424e+01       1.712456282217e-04 
       9.925736873929e+01       1.108713969125e-04 
       1.071756414427e+02       6.847104851800e-05 
       1.157255956364e+02       3.973953298289e-05 
       1.249576238137e+02       2.116000867715e-05 
       1.349261385375e+02       9.905640939992e-06 
       1.456898931416e+02       3.727794434274e-06 
       1.573123280165e+02       8.765883883368e-07 
