# Matter power spectrum P(k) at redshift z=0
# for k=1.04775e-05 to 157.312 h/Mpc,
# number of wavenumbers equal to 257
#    1:k (h/Mpc)              2:P (Mpc/h)^3        
       1.047750691338e-05       5.020963906805e+01 
       1.131335172818e-05       5.407048937158e+01 
       1.221587619877e-05       5.822820724031e+01 
       1.319039970550e-05       6.270562047313e+01 
       1.424266598317e-05       6.752731476099e+01 
       1.537887697396e-05       7.271975715398e+01 
       1.660572938097e-05       7.831147101239e+01 
       1.793045413791e-05       8.433312302129e+01 
       1.936085902737e-05       9.081780130647e+01 
       2.090537469909e-05       9.780107459487e+01 
       2.257310435923e-05       1.053212938596e+02 
       2.437387742372e-05       1.134197268469e+02 
       2.631830745176e-05       1.221408285663e+02 
       2.841785470091e-05       1.315324590474e+02 
       3.068489367268e-05       1.416461671101e+02 
       3.313278604643e-05       1.525374479958e+02 
       3.577595943165e-05       1.642660516014e+02 
       3.862999240274e-05       1.768963429275e+02 
       4.171170631739e-05       1.904975997803e+02 
       4.503926445983e-05       2.051444243234e+02 
       4.863227909323e-05       2.209171412042e+02 
       5.251192705226e-05       2.379022266182e+02 
       5.670107455699e-05       2.561927841273e+02 
       6.122441198393e-05       2.758890478150e+02 
       6.610859938837e-05       2.970989214071e+02 
       7.138242363583e-05       3.199385559931e+02 
       7.707696806873e-05       3.445329727005e+02 
       8.322579570814e-05       3.710167323979e+02 
       8.986514707061e-05       3.995346444134e+02 
       9.703415376577e-05       4.302425389349e+02 
       1.047750691338e-04       4.633080773458e+02 
       1.131335172818e-04       4.989116272943e+02 
       1.221587619877e-04       5.372471938785e+02 
       1.319039970550e-04       5.785234116709e+02 
       1.424266598317e-04       6.229645933228e+02 
       1.537887697396e-04       6.708118487467e+02 
       1.660572938097e-04       7.223242657744e+02 
       1.793045413791e-04       7.777801571114e+02 
       1.936085902737e-04       8.374783640692e+02 
       2.090537469909e-04       9.017396279100e+02 
       2.257310435923e-04       9.709080297650e+02 
       2.437387742372e-04       1.045352453372e+03 
       2.631830745176e-04       1.125468127720e+03 
       2.841785470091e-04       1.211678185928e+03 
       3.068489367268e-04       1.304435256065e+03 
       3.313278604643e-04       1.404223062923e+03 
       3.577595943165e-04       1.511558029577e+03 
       3.862999240274e-04       1.626990852554e+03 
       4.171170631739e-04       1.751108045600e+03 
       4.503926445983e-04       1.884533404752e+03 
       4.863227909323e-04       2.027929406955e+03 
       5.251192705226e-04       2.181998483910e+03 
       5.670107455699e-04       2.347484146064e+03 
       6.122441198393e-04       2.525171925190e+03 
       6.610859938837e-04       2.715890054971e+03 
       7.138242363583e-04       2.920509779311e+03 
       7.707696806873e-04       3.139945208036e+03 
       8.322579570814e-04       3.375152476995e+03 
       8.986514707061e-04       3.627128020431e+03 
       9.703415376577e-04       3.896905669474e+03 
       1.047750691338e-03       4.185552452553e+03 
       1.131335172818e-03       4.494162775482e+03 
       1.221587619877e-03       4.823851150467e+03 
       1.319039970550e-03       5.175743278531e+03 
       1.424266598317e-03       5.551020298421e+03 
       1.537887697396e-03       5.950789185049e+03 
       1.660572938097e-03       6.376124149495e+03 
       1.793045413791e-03       6.828075235780e+03 
       1.936085902737e-03       7.307627049885e+03 
       2.090537469909e-03       7.815673957374e+03 
       2.257310435923e-03       8.352992920574e+03 
       2.437387742372e-03       8.920214302855e+03 
       2.631830745176e-03       9.517787161809e+03 
       2.841785470091e-03       1.014594129978e+04 
       3.068489367268e-03       1.080465135499e+04 
       3.313278604643e-03       1.149358238129e+04 
       3.577595943165e-03       1.221204584920e+04 
       3.862999240274e-03       1.295893663785e+04 
       4.171170631739e-03       1.373267334851e+04 
       4.503926445983e-03       1.453113494805e+04 
       4.863227909323e-03       1.535157105802e+04 
       5.251192705226e-03       1.619066089603e+04 
       5.670107455699e-03       1.704433569788e+04 
       6.122441198393e-03       1.790758169043e+04 
       6.610859938837e-03       1.877462052112e+04 
       7.138242363583e-03       1.963874867707e+04 
       7.707696806873e-03       2.049217348108e+04 
       8.322579570814e-03       2.132612814199e+04 
       8.986514707061e-03       2.213056925415e+04 
       9.703415376577e-03       2.289447156033e+04 
       1.047750691338e-02       2.360549377521e+04 
       1.131335172818e-02       2.425023683383e+04 
       1.221587619877e-02       2.481424463421e+04 
       1.319039970550e-02       2.528219869724e+04 
       1.424266598317e-02       2.563814746707e+04 
       1.537887697392e-02       2.586607261528e+04 
       1.660572938023e-02       2.595026399931e+04 
       1.793045412706e-02       2.587634573793e+04 
       1.936085890181e-02       2.563218408995e+04 
       2.090537352463e-02       2.520935412460e+04 
       2.257309535333e-02       2.460443448747e+04 
       2.437382002918e-02       2.382085887069e+04 
       2.631799944462e-02       2.287041716247e+04 
       2.841644545389e-02       2.177445776795e+04 
       3.067933355377e-02       2.056551402018e+04 
       3.311368470740e-02       1.928725548211e+04 
       3.571840443502e-02       1.799394859179e+04 
       3.847720348444e-02       1.674676291631e+04 
       4.135335538431e-02       1.560449999644e+04 
       4.429361667738e-02       1.461026602056e+04 
       4.724366439141e-02       1.378043223354e+04 
       5.016480835311e-02       1.310491117704e+04 
       5.303989620246e-02       1.255702266389e+04 
       5.586870669566e-02       1.210406947079e+04 
       5.866042680613e-02       1.171447466317e+04 
       6.142798932958e-02       1.136026003049e+04 
       6.418496440164e-02       1.101836048559e+04 
       6.694418833788e-02       1.067045414317e+04 
       6.971731106057e-02       1.030332652503e+04 
       7.251476155766e-02       9.908745266471e+03 
       7.534587671527e-02       9.483489925783e+03 
       7.821907666265e-02       9.029244207217e+03 
       8.114203772912e-02       8.552034799958e+03 
       8.412184535029e-02       8.061609709283e+03 
       8.716512279304e-02       7.570450198002e+03 
       9.027813695930e-02       7.092177501484e+03 
       9.346688431697e-02       6.640236266184e+03 
       9.673716028275e-02       6.226394437145e+03 
       1.000946150830e-01       5.859609607490e+03 
       1.035447986537e-01       5.544951672265e+03 
       1.070931966762e-01       5.282797430897e+03 
       1.107452594425e-01       5.069068814572e+03 
       1.145064249153e-01       4.894881899129e+03 
       1.183821370918e-01       4.747469002285e+03 
       1.223778605862e-01       4.611326217042e+03 
       1.264990921987e-01       4.470215656778e+03 
       1.307513701367e-01       4.309841007527e+03 
       1.351402814784e-01       4.120950264604e+03 
       1.396714684203e-01       3.901630970861e+03 
       1.443506338194e-01       3.658189049132e+03 
       1.491835465229e-01       3.404046318913e+03 
       1.541760469708e-01       3.156225072680e+03 
       1.593340535561e-01       2.931501889455e+03 
       1.646635702297e-01       2.741908654485e+03 
       1.701706958456e-01       2.591783561787e+03 
       1.758616357459e-01       2.476755554306e+03 
       1.817427160982e-01       2.384690310317e+03 
       1.878204015065e-01       2.299854669650e+03 
       1.941013164283e-01       2.205246394717e+03 
       2.005922709503e-01       2.090297855158e+03 
       2.073002914972e-01       1.955941914468e+03 
       2.142326570816e-01       1.813664582124e+03 
       2.213969417533e-01       1.678769605788e+03 
       2.288010639706e-01       1.563315326699e+03 
       2.364533437147e-01       1.472149153343e+03 
       2.443625682930e-01       1.400967505140e+03 
       2.525380679504e-01       1.337861568734e+03 
       2.609898026346e-01       1.270341012563e+03 
       2.697284615565e-01       1.192820745616e+03 
       2.787655775689e-01       1.108778513800e+03 
       2.881136588829e-01       1.028206497151e+03 
       2.977863412677e-01       9.599147272915e+02 
       3.077985646929e-01       9.044534333951e+02 
       3.181667794071e-01       8.555684933296e+02 
       3.289091877812e-01       8.056080456375e+02 
       3.400460299658e-01       7.518106983641e+02 
       3.515999236474e-01       6.983420420299e+02 
       3.635962711085e-01       6.504821914596e+02 
       3.760637506334e-01       6.095381754270e+02 
       3.890349143879e-01       5.715461141391e+02 
       4.025469216825e-01       5.331948766084e+02 
       4.166424456376e-01       4.950448636095e+02 
       4.313708035863e-01       4.598819370143e+02 
       4.467893782977e-01       4.281900989485e+02 
       4.629654199663e-01       3.981858393343e+02 
       4.799783501994e-01       3.686545159962e+02 
       4.979227319373e-01       3.406541799049e+02 
       5.169121270864e-01       3.148985000048e+02 
       5.370841404489e-01       2.902523098433e+02 
       5.586070464571e-01       2.665245400358e+02 
       5.816885094930e-01       2.442297173237e+02 
       6.065870144995e-01       2.229905247295e+02 
       6.336266468475e-01       2.026361996666e+02 
       6.632156059511e-01       1.833083007677e+02 
       6.958678639262e-01       1.647879975824e+02 
       7.322247985589e-01       1.471336223369e+02 
       7.730680195113e-01       1.302768511509e+02 
       8.193049553677e-01       1.142804524420e+02 
       8.718988016039e-01       9.921886784948e+01 
       9.317218031081e-01       8.524246501755e+01 
       9.993660908989e-01       7.252835833195e+01 
       1.075037110174e+00       6.121968368106e+01 
       1.158653485707e+00       5.137368841648e+01 
       1.250099157308e+00       4.294610932832e+01 
       1.349432401273e+00       3.580728601196e+01 
       1.456947457397e+00       2.979835339492e+01 
       1.573135111331e+00       2.475771240213e+01 
       1.698621895592e+00       2.053829870635e+01 
       1.834127512934e+00       1.701216746625e+01 
       1.980444934528e+00       1.406901604851e+01 
       2.138435191726e+00       1.161614976806e+01 
       2.309029199186e+00       9.574325551518e+00 
       2.493232377687e+00       7.877131179969e+00 
       2.692130395285e+00       6.468153146076e+00 
       2.906895534573e+00       5.300012184260e+00 
       3.138793597714e+00       4.332980171669e+00 
       3.389191366484e+00       3.533524577534e+00 
       3.659564657905e+00       2.873664716489e+00 
       3.951507022538e+00       2.329888509369e+00 
       4.266739136701e+00       1.882639098559e+00 
       4.607118943941e+00       1.515424503305e+00 
       4.974652605557e+00       1.214600996402e+00 
       5.371506324689e+00       9.687740971808e-01 
       5.800019113685e+00       7.684289411963e-01 
       6.262716579983e+00       6.056765313214e-01 
       6.762325811764e+00       4.739547710352e-01 
       7.301791451110e+00       3.677963610025e-01 
       7.884293049406e+00       2.826896081824e-01 
       8.513263807261e+00       2.148571902738e-01 
       9.192410809424e+00       1.611892271347e-01 
       9.925736873929e+00       1.190828407093e-01 
       1.071756414427e+01       8.639569866211e-02 
       1.157255956364e+01       6.133474927358e-02 
       1.249576238137e+01       4.241600675006e-02 
       1.349261385375e+01       2.839721106743e-02 
       1.456898931416e+01       1.825657728597e-02 
       1.573123280165e+01       1.113642350751e-02 
       1.698619445202e+01       6.328793021316e-03 
       1.834127087176e+01       3.250303873371e-03 
       1.980444873285e+01       1.423599100197e-03 
       2.138435184532e+01       4.642234801031e-04 
       2.309029198506e+01       6.873426227848e-05 
       2.493232377636e+01       4.907768718892e-06 
       2.692130395282e+01       1.032241783659e-04 
       2.906895534573e+01       2.480892930372e-04 
       3.138793597714e+01       3.694863252402e-04 
       3.389191366484e+01       4.338400803094e-04 
       3.659564657905e+01       4.350966176347e-04 
       3.951507022538e+01       3.846234583778e-04 
       4.266739136701e+01       3.029191738263e-04 
       4.607118943941e+01       2.120626187659e-04 
       4.974652605557e+01       1.299335601004e-04 
       5.371506324689e+01       6.736534163887e-05 
       5.800019113685e+01       2.746496867978e-05 
       6.262716579983e+01       7.278895664313e-06 
       6.762325811764e+01       5.043917210006e-07 
       7.301791451110e+01       4.416510005482e-07 
       7.884293049406e+01       2.081311757476e-06 
       8.513263807261e+01       2.906119330484e-06 
       9.192410809424e+01       2.494746961564e-06 
       9.925736873929e+01       1.485078991612e-06 
       1.071756414427e+02       5.955519699588e-07 
       1.157255956364e+02       1.294505723387e-07 
       1.249576238137e+02       3.504155058858e-09 
       1.349261385375e+02       1.097682707127e-08 
       1.456898931416e+02       2.233344006576e-08 
       1.573123280165e+02       1.407948614375e-08 
