# Matter power spectrum P(k) at redshift z=99
# for k=1.04775e-05 to 157.312 h/Mpc,
# number of wavenumbers equal to 257
#    1:k (h/Mpc)              2:P (Mpc/h)^3        
       1.047750691338e-05       7.261927095217e-03 
       1.131335172818e-05       7.820332150682e-03 
       1.221587619877e-05       8.421675382251e-03 
       1.319039970550e-05       9.069257737918e-03 
       1.424266598317e-05       9.766636451034e-03 
       1.537887697396e-05       1.051763973631e-02 
       1.660572938097e-05       1.132639250741e-02 
       1.793045413791e-05       1.219733201497e-02 
       1.936085902737e-05       1.313524187191e-02 
       2.090537469909e-05       1.414527084965e-02 
       2.257310435923e-05       1.523296544479e-02 
       2.437387742372e-05       1.640429654627e-02 
       2.631830745176e-05       1.766569603272e-02 
       2.841785470091e-05       1.902408711147e-02 
       3.068489367268e-05       2.048692967428e-02 
       3.313278604643e-05       2.206225467531e-02 
       3.577595943165e-05       2.375870883834e-02 
       3.862999240274e-05       2.558560669803e-02 
       4.171170631739e-05       2.755297672487e-02 
       4.503926445983e-05       2.967161933391e-02 
       4.863227909323e-05       3.195316455632e-02 
       5.251192705226e-05       3.441013466109e-02 
       5.670107455699e-05       3.705601741675e-02 
       6.122441198393e-05       3.990533412806e-02 
       6.610859938837e-05       4.297372242499e-02 
       7.138242363583e-05       4.627802054816e-02 
       7.707696806873e-05       4.983636159850e-02 
       8.322579570814e-05       5.366826786893e-02 
       8.986514707061e-05       5.779476319690e-02 
       9.703415376577e-05       6.223848221790e-02 
       1.047750691338e-04       6.702379824972e-02 
       1.131335172818e-04       7.217695031026e-02 
       1.221587619877e-04       7.772619030305e-02 
       1.319039970550e-04       8.370193379980e-02 
       1.424266598317e-04       9.013692506603e-02 
       1.537887697396e-04       9.706641130331e-02 
       1.660572938097e-04       1.045283343104e-01 
       1.793045413791e-04       1.125635329178e-01 
       1.936085902737e-04       1.212159592301e-01 
       2.090537469909e-04       1.305329107427e-01 
       2.257310435923e-04       1.405652819352e-01 
       2.437387742372e-04       1.513678275067e-01 
       2.631830745176e-04       1.629994475124e-01 
       2.841785470091e-04       1.755234890469e-01 
       3.068489367268e-04       1.890080645289e-01 
       3.313278604643e-04       2.035263977421e-01 
       3.577595943165e-04       2.191571778034e-01 
       3.862999240274e-04       2.359849423249e-01 
       4.171170631739e-04       2.541004712991e-01 
       4.503926445983e-04       2.736012061148e-01 
       4.863227909323e-04       2.945916774631e-01 
       5.251192705226e-04       3.171839507852e-01 
       5.670107455699e-04       3.414980769096e-01 
       6.122441198393e-04       3.676625416288e-01 
       6.610859938837e-04       3.958147272852e-01 
       7.138242363583e-04       4.261013332051e-01 
       7.707696806873e-04       4.586787880836e-01 
       8.322579570814e-04       4.937136112808e-01 
       8.986514707061e-04       5.313826962064e-01 
       9.703415376577e-04       5.718735176793e-01 
       1.047750691338e-03       6.153841926240e-01 
       1.131335172818e-03       6.621233623114e-01 
       1.221587619877e-03       7.123098743646e-01 
       1.319039970550e-03       7.661721263782e-01 
       1.424266598317e-03       8.239547181301e-01 
       1.537887697396e-03       8.859012282821e-01 
       1.660572938097e-03       9.522589495762e-01 
       1.793045413791e-03       1.023280284738e+00 
       1.936085902737e-03       1.099216542130e+00 
       2.090537469909e-03       1.180313285064e+00 
       2.257310435923e-03       1.266804486841e+00 
       2.437387742372e-03       1.358905328501e+00 
       2.631830745176e-03       1.456803285994e+00 
       2.841785470091e-03       1.560647663088e+00 
       3.068489367268e-03       1.670537010637e+00 
       3.313278604643e-03       1.786505039710e+00 
       3.577595943165e-03       1.908504410202e+00 
       3.862999240274e-03       2.036389468857e+00 
       4.171170631739e-03       2.169898252918e+00 
       4.503926445983e-03       2.308634492105e+00 
       4.863227909323e-03       2.452050674934e+00 
       5.251192705226e-03       2.599434681319e+00 
       5.670107455699e-03       2.749901126685e+00 
       6.122441198393e-03       2.902390058590e+00 
       6.610859938837e-03       3.055671270143e+00 
       7.138242363583e-03       3.208360123231e+00 
       7.707696806873e-03       3.358926651839e+00 
       8.322579570814e-03       3.505726890469e+00 
       8.986514707061e-03       3.647012438630e+00 
       9.703415376577e-03       3.780926180364e+00 
       1.047750691338e-02       3.905492882029e+00 
       1.131335172818e-02       4.018589827808e+00 
       1.221587619877e-02       4.117902891099e+00 
       1.319039970550e-02       4.200917703398e+00 
       1.424266598317e-02       4.264943742885e+00 
       1.537887697392e-02       4.307219674783e+00 
       1.660572938023e-02       4.325062464398e+00 
       1.793045412706e-02       4.316060400387e+00 
       1.936085890181e-02       4.278228942276e+00 
       2.090537352463e-02       4.210204485098e+00 
       2.257309535333e-02       4.111418762022e+00 
       2.437382002918e-02       3.982420951843e+00 
       2.631799944462e-02       3.825168701645e+00 
       2.841644545389e-02       3.643282262672e+00 
       3.067933355377e-02       3.442198723595e+00 
       3.311368470740e-02       3.229241661583e+00 
       3.571840443502e-02       3.013516355453e+00 
       3.847720348444e-02       2.805284851922e+00 
       4.135335538431e-02       2.614410727412e+00 
       4.429361667738e-02       2.448132212588e+00 
       4.724366439141e-02       2.309240703262e+00 
       5.016480835311e-02       2.196115237650e+00 
       5.303989620246e-02       2.104369800684e+00 
       5.586870669566e-02       2.028462544687e+00 
       5.866042680613e-02       1.963155273257e+00 
       6.142798932958e-02       1.903779689539e+00 
       6.418496440164e-02       1.846479208165e+00 
       6.694418833788e-02       1.788197493342e+00 
       6.971731106057e-02       1.726715713842e+00 
       7.251476155766e-02       1.660654457261e+00 
       7.534587671527e-02       1.589469828156e+00 
       7.821907666265e-02       1.513437468926e+00 
       8.114203772912e-02       1.433569682388e+00 
       8.412184535029e-02       1.351491558898e+00 
       8.716512279304e-02       1.269273930068e+00 
       9.027813695930e-02       1.189193455357e+00 
       9.346688431697e-02       1.113501309558e+00 
       9.673716028275e-02       1.044174770246e+00 
       1.000946150830e-01       9.827063086339e-01 
       1.035447986537e-01       9.299370526154e-01 
       1.070931966762e-01       8.859588891147e-01 
       1.107452594425e-01       8.500715521017e-01 
       1.145064249153e-01       8.208038215474e-01 
       1.183821370918e-01       7.960265962687e-01 
       1.223778605862e-01       7.731462648864e-01 
       1.264990921987e-01       7.494523793695e-01 
       1.307513701367e-01       7.225574667950e-01 
       1.351402814784e-01       6.909088173288e-01 
       1.396714684203e-01       6.541810851405e-01 
       1.443506338194e-01       6.134266447857e-01 
       1.491835465229e-01       5.708678355239e-01 
       1.541760469708e-01       5.293644016398e-01 
       1.593340535561e-01       4.917109841500e-01 
       1.646635702297e-01       4.599199324319e-01 
       1.701706958456e-01       4.347278763238e-01 
       1.758616357459e-01       4.154079703870e-01 
       1.817427160982e-01       3.999370128402e-01 
       1.878204015065e-01       3.856827803832e-01 
       1.941013164283e-01       3.698094382640e-01 
       2.005922709503e-01       3.505465094252e-01 
       2.073002914972e-01       3.280431710056e-01 
       2.142326570816e-01       3.042136526573e-01 
       2.213969417533e-01       2.816121560038e-01 
       2.288010639706e-01       2.622567866198e-01 
       2.364533437147e-01       2.469617476901e-01 
       2.443625682930e-01       2.350128608184e-01 
       2.525380679504e-01       2.244178411335e-01 
       2.609898026346e-01       2.130937946112e-01 
       2.697284615565e-01       2.001019366528e-01 
       2.787655775689e-01       1.860200088936e-01 
       2.881136588829e-01       1.725172014861e-01 
       2.977863412677e-01       1.610660134650e-01 
       3.077985646929e-01       1.517608373726e-01 
       3.181667794071e-01       1.435594094020e-01 
       3.289091877812e-01       1.351814923180e-01 
       3.400460299658e-01       1.261642456775e-01 
       3.515999236474e-01       1.172019804275e-01 
       3.635962711085e-01       1.091768956731e-01 
       3.760637506334e-01       1.023094665428e-01 
       3.890349143879e-01       9.593766906956e-02 
       4.025469216825e-01       8.950768841120e-02 
       4.166424456376e-01       8.311173066667e-02 
       4.313708035863e-01       7.721548303511e-02 
       4.467893782977e-01       7.190056505642e-02 
       4.629654199663e-01       6.686898965720e-02 
       4.799783501994e-01       6.191748013425e-02 
       4.979227319373e-01       5.722218863991e-02 
       5.169121270864e-01       5.290282867564e-02 
       5.370841404489e-01       4.876971727807e-02 
       5.586070464571e-01       4.479066522650e-02 
       5.816885094930e-01       4.105183955793e-02 
       6.065870144995e-01       3.748985477424e-02 
       6.336266468475e-01       3.407615242301e-02 
       6.632156059511e-01       3.083447846099e-02 
       6.958678639262e-01       2.772831071374e-02 
       7.322247985589e-01       2.476709027534e-02 
       7.730680195113e-01       2.193955975283e-02 
       8.193049553677e-01       1.925610651814e-02 
       8.718988016039e-01       1.672927393998e-02 
       9.317218031081e-01       1.438414183542e-02 
       9.993660908989e-01       1.225062869618e-02 
       1.075037110174e+00       1.035256359720e-02 
       1.158653485707e+00       8.699642434563e-03 
       1.250099157308e+00       7.284552659043e-03 
       1.349432401273e+00       6.085425821396e-03 
       1.456947457397e+00       5.075702848613e-03 
       1.573135111331e+00       4.228276301859e-03 
       1.698621895592e+00       3.518517535537e-03 
       1.834127512934e+00       2.924954279443e-03 
       1.980444934528e+00       2.429138002099e-03 
       2.138435191726e+00       2.015487219239e-03 
       2.309029199186e+00       1.670754424809e-03 
       2.493232377687e+00       1.383772954527e-03 
       2.692130395285e+00       1.145114176133e-03 
       2.906895534573e+00       9.468407872224e-04 
       3.138793597714e+00       7.822745248262e-04 
       3.389191366484e+00       6.458082885122e-04 
       3.659564657905e+00       5.327565396986e-04 
       3.951507022538e+00       4.391722863594e-04 
       4.266739136701e+00       3.617811294625e-04 
       4.607118943941e+00       2.978191226139e-04 
       4.974652605557e+00       2.450053657801e-04 
       5.371506324689e+00       2.014300193327e-04 
       5.800019113685e+00       1.654995548616e-04 
       6.262716579983e+00       1.358972901669e-04 
       6.762325811764e+00       1.115242138362e-04 
       7.301791451110e+00       9.147032030646e-05 
       7.884293049406e+00       7.498138001508e-05 
       8.513263807261e+00       6.143150652754e-05 
       9.192410809424e+00       5.030388050395e-05 
       9.925736873929e+00       4.117131865054e-05 
       1.071756414427e+01       3.367978875067e-05 
       1.157255956364e+01       2.753831163870e-05 
       1.249576238137e+01       2.250589712207e-05 
       1.349261385375e+01       1.838473374061e-05 
       1.456898931416e+01       1.501164644800e-05 
       1.573123280165e+01       1.225207058637e-05 
       1.698619445202e+01       9.995490813905e-06 
       1.834127087176e+01       8.151173161605e-06 
       1.980444873285e+01       6.644438611901e-06 
       2.138435184532e+01       5.414101832354e-06 
       2.309029198506e+01       4.409841399627e-06 
       2.493232377636e+01       3.590525765129e-06 
       2.692130395282e+01       2.922312616495e-06 
       2.906895534573e+01       2.377589853059e-06 
       3.138793597714e+01       1.933725011868e-06 
       3.389191366484e+01       1.572152956688e-06 
       3.659564657905e+01       1.277743287835e-06 
       3.951507022538e+01       1.038118965262e-06 
       4.266739136701e+01       8.431415471444e-07 
       4.607118943941e+01       6.845453747294e-07 
       4.974652605557e+01       5.555946729863e-07 
       5.371506324689e+01       4.507871033305e-07 
       5.800019113685e+01       3.656277705543e-07 
       6.262716579983e+01       2.964519212085e-07 
       6.762325811764e+01       2.402845811964e-07 
       7.301791451110e+01       1.946920137961e-07 
       7.884293049406e+01       1.576941336552e-07 
       8.513263807261e+01       1.276802579687e-07 
       9.192410809424e+01       1.033414688608e-07 
       9.925736873929e+01       8.360984502920e-08 
       1.071756414427e+02       6.761891282298e-08 
       1.157255956364e+02       5.466256957503e-08 
       1.249576238137e+02       4.416973019295e-08 
       1.349261385375e+02       3.567434249598e-08 
       1.456898931416e+02       2.879830398483e-08 
       1.573123280165e+02       2.323520960070e-08 
