# Matter power spectrum P(k) at redshift z=99
# for k=1.04775e-05 to 66.1767 h/Mpc,
# number of wavenumbers equal to 130
#    1:k (h/Mpc)              2:P (Mpc/h)^3        
       1.047750691046e-05       7.261927681102e-03 
       1.319039970183e-05       9.069258202150e-03 
       1.660572937635e-05       1.132639106763e-02 
       2.090537469327e-05       1.414527123446e-02 
       2.631830744443e-05       1.766569584117e-02 
       3.313278603720e-05       2.206225516015e-02 
       4.171170630578e-05       2.755297766367e-02 
       5.251192703764e-05       3.441013523062e-02 
       6.610859936996e-05       4.297372172920e-02 
       8.322579568497e-05       5.366826853121e-02 
       1.047750691046e-04       6.702379872995e-02 
       1.319039970183e-04       8.370193441562e-02 
       1.660572937635e-04       1.045283355418e-01 
       2.090537469327e-04       1.305329134147e-01 
       2.631830744443e-04       1.629994506658e-01 
       3.313278603720e-04       2.035264004667e-01 
       4.171170630578e-04       2.541004744323e-01 
       5.251192703764e-04       3.171839528655e-01 
       6.610859936996e-04       3.958147256630e-01 
       8.322579568497e-04       4.937136006642e-01 
       1.047750691046e-03       6.153841636192e-01 
       1.319039970183e-03       7.661720592961e-01 
       1.660572937635e-03       9.522588016521e-01 
       2.090537469327e-03       1.180312991686e+00 
       2.631830744443e-03       1.456802684613e+00 
       3.313278603720e-03       1.786503853822e+00 
       4.171170630578e-03       2.169896177753e+00 
       5.251192703764e-03       2.599430629238e+00 
       6.610859936996e-03       3.055668704126e+00 
       8.322579568497e-03       3.505725589498e+00 
       1.047750691046e-02       3.905490685676e+00 
       1.319039970183e-02       4.200915248427e+00 
       1.660572937633e-02       4.325061379255e+00 
       2.090537453514e-02       4.210202018016e+00 
       2.631818545635e-02       3.825150916540e+00 
       3.311571692125e-02       3.229068610326e+00 
       4.113809243311e-02       2.627726160527e+00 
       4.792590854610e-02       2.280789224500e+00 
       5.284436902701e-02       2.110086358851e+00 
       5.689644391095e-02       2.003537799729e+00 
       6.051252627066e-02       1.923051337426e+00 
       6.388413457411e-02       1.852728671354e+00 
       6.711249296401e-02       1.784561349205e+00 
       7.025823437965e-02       1.714275240299e+00 
       7.336115587705e-02       1.639811750843e+00 
       7.644928796912e-02       1.560659755180e+00 
       7.954353299775e-02       1.477451775163e+00 
       8.266024078725e-02       1.391695057472e+00 
       8.581273398637e-02       1.305460355953e+00 
       8.901225918437e-02       1.221123671717e+00 
       9.226860540985e-02       1.141079227501e+00 
       9.559052048996e-02       1.067448249513e+00 
       9.898599946599e-02       1.001887103946e+00 
       1.024624891378e-01       9.453772606768e-01 
       1.060270359164e-01       8.981483866862e-01 
       1.096863943056e-01       8.596091135298e-01 
       1.134471073830e-01       8.284037490847e-01 
       1.173155669539e-01       8.024625519656e-01 
       1.212980586983e-01       7.792264053005e-01 
       1.254007961065e-01       7.559140888748e-01 
       1.296299459934e-01       7.299785699037e-01 
       1.339916477160e-01       6.995875333800e-01 
       1.384920277736e-01       6.640734606274e-01 
       1.431372111762e-01       6.241429859446e-01 
       1.479333307714e-01       5.817588974156e-01 
       1.528865355934e-01       5.396855214131e-01 
       1.580029992204e-01       5.008088722073e-01 
       1.632889290723e-01       4.673932224223e-01 
       1.687505775527e-01       4.405303399252e-01 
       1.743942559171e-01       4.198610683432e-01 
       1.802263517371e-01       4.036552418981e-01 
       1.862533508214e-01       3.893553743048e-01 
       1.924818644494e-01       3.741302747254e-01 
       1.989186627765e-01       3.557976709060e-01 
       2.055707152847e-01       3.339954742590e-01 
       2.124452391818e-01       3.102610651144e-01 
       2.195497567139e-01       2.871182655561e-01 
       2.268921624510e-01       2.668035356037e-01 
       2.344808017550e-01       2.504788507347e-01 
       2.423245618548e-01       2.378286345959e-01 
       2.504329772620e-01       2.271072558922e-01 
       2.588163516754e-01       2.161126087899e-01 
       2.674858990930e-01       2.035412507796e-01 
       2.764539076010e-01       1.895926906289e-01 
       2.857339303080e-01       1.757526741247e-01 
       2.953410092148e-01       1.636955218910e-01 
       3.052919395542e-01       1.539019505812e-01 
       3.156055844677e-01       1.455265756668e-01 
       3.263032530092e-01       1.372457403712e-01 
       3.374091587054e-01       1.282974764298e-01 
       3.489509817175e-01       1.191671181891e-01 
       3.609605657343e-01       1.108028780358e-01 
       3.734747921333e-01       1.036406946595e-01 
       3.865366902904e-01       9.713699226900e-02 
       4.001968667448e-01       9.061134981895e-02 
       4.145153713076e-01       8.403298307398e-02 
       4.295641718077e-01       7.788722190203e-02 
       4.454304922144e-01       7.233795594343e-02 
       4.622214006969e-01       6.708975736817e-02 
       4.800702491654e-01       6.188797630984e-02 
       4.991459272112e-01       5.692252350122e-02 
       5.196665217302e-01       5.231222835820e-02 
       5.419201087032e-01       4.782888420678e-02 
       5.662975451962e-01       4.348322171843e-02 
       5.933463737275e-01       3.932740210894e-02 
       6.238638458458e-01       3.525002712727e-02 
       6.590669257916e-01       3.125958752416e-02 
       7.009246080454e-01       2.728411085520e-02 
       7.528593308799e-01       2.327538738448e-02 
       8.213469537518e-01       1.914529446388e-02 
       9.196980813302e-01       1.481424364490e-02 
       1.075112183810e+00       1.034842755709e-02 
       1.322697471132e+00       6.377313523010e-03 
       1.662328205042e+00       3.703851459276e-03 
       2.092692408506e+00       2.123028958206e-03 
       2.634543445090e+00       1.206725163655e-03 
       3.316693691389e+00       6.807080166304e-04 
       4.175469971226e+00       3.813129486754e-04 
       5.256605252960e+00       2.122288250030e-04 
       6.617673932723e+00       1.174095056056e-04 
       8.331157880872e+00       6.458359269990e-05 
       1.048830636590e+01       3.532973027692e-05 
       1.320399541071e+01       1.922057396934e-05 
       1.662284535976e+01       1.039789162596e-05 
       2.092692243973e+01       5.591273292236e-06 
       2.634543445002e+01       2.986483751590e-06 
       3.316693691389e+01       1.582708180624e-06 
       4.175469971226e+01       8.307690398006e-07 
       5.256605252960e+01       4.308130213776e-07 
       6.617673932723e+01       2.198832676968e-07 
