# Matter power spectrum P(k) at redshift z=99
# for k=1.04775e-05 to 157.312 h/Mpc,
# number of wavenumbers equal to 257
#    1:k (h/Mpc)              2:P (Mpc/h)^3        
       1.047750691338e-05       7.261927095239e-03 
       1.131335172818e-05       7.820332150705e-03 
       1.221587619877e-05       8.421675382276e-03 
       1.319039970550e-05       9.069257737945e-03 
       1.424266598317e-05       9.766636451063e-03 
       1.537887697396e-05       1.051763973634e-02 
       1.660572938097e-05       1.132639250745e-02 
       1.793045413791e-05       1.219733201501e-02 
       1.936085902737e-05       1.313524187195e-02 
       2.090537469909e-05       1.414527084969e-02 
       2.257310435923e-05       1.523296544483e-02 
       2.437387742372e-05       1.640429654631e-02 
       2.631830745176e-05       1.766569603277e-02 
       2.841785470091e-05       1.902408711153e-02 
       3.068489367268e-05       2.048692967434e-02 
       3.313278604643e-05       2.206225467538e-02 
       3.577595943165e-05       2.375870883841e-02 
       3.862999240274e-05       2.558560669810e-02 
       4.171170631739e-05       2.755297672495e-02 
       4.503926445983e-05       2.967161933400e-02 
       4.863227909323e-05       3.195316455642e-02 
       5.251192705226e-05       3.441013466119e-02 
       5.670107455699e-05       3.705601741686e-02 
       6.122441198393e-05       3.990533412818e-02 
       6.610859938837e-05       4.297372242512e-02 
       7.138242363583e-05       4.627802054830e-02 
       7.707696806873e-05       4.983636159865e-02 
       8.322579570814e-05       5.366826786909e-02 
       8.986514707061e-05       5.779476319708e-02 
       9.703415376577e-05       6.223848221808e-02 
       1.047750691338e-04       6.702379824992e-02 
       1.131335172818e-04       7.217695031048e-02 
       1.221587619877e-04       7.772619030328e-02 
       1.319039970550e-04       8.370193380006e-02 
       1.424266598317e-04       9.013692506630e-02 
       1.537887697396e-04       9.706641130360e-02 
       1.660572938097e-04       1.045283343107e-01 
       1.793045413791e-04       1.125635329181e-01 
       1.936085902737e-04       1.212159592305e-01 
       2.090537469909e-04       1.305329107431e-01 
       2.257310435923e-04       1.405652819356e-01 
       2.437387742372e-04       1.513678275071e-01 
       2.631830745176e-04       1.629994475129e-01 
       2.841785470091e-04       1.755234890474e-01 
       3.068489367268e-04       1.890080645295e-01 
       3.313278604643e-04       2.035263977427e-01 
       3.577595943165e-04       2.191571778041e-01 
       3.862999240274e-04       2.359849423256e-01 
       4.171170631739e-04       2.541004712998e-01 
       4.503926445983e-04       2.736012061155e-01 
       4.863227909323e-04       2.945916774640e-01 
       5.251192705226e-04       3.171839507860e-01 
       5.670107455699e-04       3.414980769105e-01 
       6.122441198393e-04       3.676625416298e-01 
       6.610859938837e-04       3.958147272862e-01 
       7.138242363583e-04       4.261013332063e-01 
       7.707696806873e-04       4.586787880848e-01 
       8.322579570814e-04       4.937136112820e-01 
       8.986514707061e-04       5.313826962077e-01 
       9.703415376577e-04       5.718735176806e-01 
       1.047750691338e-03       6.153841926253e-01 
       1.131335172818e-03       6.621233623127e-01 
       1.221587619877e-03       7.123098743660e-01 
       1.319039970550e-03       7.661721263795e-01 
       1.424266598317e-03       8.239547181313e-01 
       1.537887697396e-03       8.859012282831e-01 
       1.660572938097e-03       9.522589495769e-01 
       1.793045413791e-03       1.023280284739e+00 
       1.936085902737e-03       1.099216542130e+00 
       2.090537469909e-03       1.180313285063e+00 
       2.257310435923e-03       1.266804486838e+00 
       2.437387742372e-03       1.358905328496e+00 
       2.631830745176e-03       1.456803285987e+00 
       2.841785470091e-03       1.560647663078e+00 
       3.068489367268e-03       1.670537010622e+00 
       3.313278604643e-03       1.786505039689e+00 
       3.577595943165e-03       1.908504410174e+00 
       3.862999240274e-03       2.036389468818e+00 
       4.171170631739e-03       2.169898252864e+00 
       4.503926445983e-03       2.308634492032e+00 
       4.863227909323e-03       2.452050674835e+00 
       5.251192705226e-03       2.599434681185e+00 
       5.670107455699e-03       2.749901126502e+00 
       6.122441198393e-03       2.902390058343e+00 
       6.610859938837e-03       3.055671269810e+00 
       7.138242363583e-03       3.208360122781e+00 
       7.707696806873e-03       3.358926651232e+00 
       8.322579570814e-03       3.505726889657e+00 
       8.986514707061e-03       3.647012437543e+00 
       9.703415376577e-03       3.780926178913e+00 
       1.047750691338e-02       3.905492880099e+00 
       1.131335172818e-02       4.018589825256e+00 
       1.221587619877e-02       4.117902887738e+00 
       1.319039970550e-02       4.200917698985e+00 
       1.424266598317e-02       4.264943737120e+00 
       1.537887697392e-02       4.307219667294e+00 
       1.660572938023e-02       4.325062454716e+00 
       1.793045412706e-02       4.316060387935e+00 
       1.936085890181e-02       4.278228926308e+00 
       2.090537352463e-02       4.210204464875e+00 
       2.257309535333e-02       4.111418736509e+00 
       2.437382002918e-02       3.982420919854e+00 
       2.631799944462e-02       3.825168661938e+00 
       2.841644545389e-02       3.643282211240e+00 
       3.067933355377e-02       3.442198663903e+00 
       3.311368470740e-02       3.229241591913e+00 
       3.571840443502e-02       3.013516269303e+00 
       3.847720348444e-02       2.805284750383e+00 
       4.135335538431e-02       2.614410608506e+00 
       4.429361667738e-02       2.448132078012e+00 
       4.724366439141e-02       2.309240546176e+00 
       5.016480835311e-02       2.196115081061e+00 
       5.303989620246e-02       2.104369700846e+00 
       5.586870669566e-02       2.028462410312e+00 
       5.866042680613e-02       1.963155106228e+00 
       6.142798932958e-02       1.903779493709e+00 
       6.418496440164e-02       1.846478988257e+00 
       6.694418833788e-02       1.788197255934e+00 
       6.971731106057e-02       1.726715464330e+00 
       7.251476155766e-02       1.660654196789e+00 
       7.534587671527e-02       1.589469564567e+00 
       7.821907666265e-02       1.513436454527e+00 
       8.114203772912e-02       1.433568683831e+00 
       8.412184535029e-02       1.351490615892e+00 
       8.716512279304e-02       1.269272984316e+00 
       9.027813695930e-02       1.189193148918e+00 
       9.346688431697e-02       1.113500969381e+00 
       9.673716028275e-02       1.044174448250e+00 
       1.000946150830e-01       9.827059766907e-01 
       1.035447986537e-01       9.299372300786e-01 
       1.070931966762e-01       8.859584879585e-01 
       1.107452594425e-01       8.500710810308e-01 
       1.145064249153e-01       8.208033008598e-01 
       1.183821370918e-01       7.960249874697e-01 
       1.223778605862e-01       7.731457845000e-01 
       1.264990921987e-01       7.494519487673e-01 
       1.307513701367e-01       7.225570168722e-01 
       1.351402814784e-01       6.909083568373e-01 
       1.396714684203e-01       6.541806187617e-01 
       1.443506338194e-01       6.134261826327e-01 
       1.491835465229e-01       5.708675682499e-01 
       1.541760469708e-01       5.293638650801e-01 
       1.593340535561e-01       4.917104143956e-01 
       1.646635702297e-01       4.599195168928e-01 
       1.701706958456e-01       4.347274581533e-01 
       1.758616357459e-01       4.154073487139e-01 
       1.817427160982e-01       3.999364843411e-01 
       1.878204015065e-01       3.856824285690e-01 
       1.941013164283e-01       3.698090635698e-01 
       2.005922709503e-01       3.505461243818e-01 
       2.073002914972e-01       3.280426874310e-01 
       2.142326570816e-01       3.042132904327e-01 
       2.213969417533e-01       2.816112704198e-01 
       2.288010639706e-01       2.622563249575e-01 
       2.364533437147e-01       2.469613103612e-01 
       2.443625682930e-01       2.350127663711e-01 
       2.525380679504e-01       2.244173771876e-01 
       2.609898026346e-01       2.130933440194e-01 
       2.697284615565e-01       2.001015355153e-01 
       2.787655775689e-01       1.860196101251e-01 
       2.881136588829e-01       1.725167219859e-01 
       2.977863412677e-01       1.610655820718e-01 
       3.077985646929e-01       1.517604103033e-01 
       3.181667794071e-01       1.435588822036e-01 
       3.289091877812e-01       1.351810911699e-01 
       3.400460299658e-01       1.261639113525e-01 
       3.515999236474e-01       1.172015685981e-01 
       3.635962711085e-01       1.091764832982e-01 
       3.760637506334e-01       1.023090723245e-01 
       3.890349143879e-01       9.593728597775e-02 
       4.025469216825e-01       8.950731235131e-02 
       4.166424456376e-01       8.311134156310e-02 
       4.313708035863e-01       7.721504267158e-02 
       4.467893782977e-01       7.190021491994e-02 
       4.629654199663e-01       6.686861943106e-02 
       4.799783501994e-01       6.191712130989e-02 
       4.979227319373e-01       5.722181578160e-02 
       5.169121270864e-01       5.290247146717e-02 
       5.370841404489e-01       4.876937336064e-02 
       5.586070464571e-01       4.479031964407e-02 
       5.816885094930e-01       4.105150969151e-02 
       6.065870144995e-01       3.748952953339e-02 
       6.336266468475e-01       3.407583370025e-02 
       6.632156059511e-01       3.083416417945e-02 
       6.958678639262e-01       2.772800400723e-02 
       7.322247985589e-01       2.476679626443e-02 
       7.730680195113e-01       2.193927316372e-02 
       8.193049553677e-01       1.925582929802e-02 
       8.718988016039e-01       1.672900857918e-02 
       9.317218031081e-01       1.438388732530e-02 
       9.993660908989e-01       1.225038527481e-02 
       1.075037110174e+00       1.035233209276e-02 
       1.158653485707e+00       8.699423086068e-03 
       1.250099157308e+00       7.284344840239e-03 
       1.349432401273e+00       6.085229694685e-03 
       1.456947457397e+00       5.075517693441e-03 
       1.573135111331e+00       4.228101517947e-03 
       1.698621895592e+00       3.518352849609e-03 
       1.834127512934e+00       2.924799887914e-03 
       1.980444934528e+00       2.428993087664e-03 
       2.138435191726e+00       2.015351190278e-03 
       2.309029199186e+00       1.670627034935e-03 
       2.493232377687e+00       1.383654579582e-03 
       2.692130395285e+00       1.145002671576e-03 
       2.906895534573e+00       9.467369039892e-04 
       3.138793597714e+00       7.821777103348e-04 
       3.389191366484e+00       6.457178478391e-04 
       3.659564657905e+00       5.326723952753e-04 
       3.951507022538e+00       4.390940680413e-04 
       4.266739136701e+00       3.617084692886e-04 
       4.607118943941e+00       2.977516373580e-04 
       4.974652605557e+00       2.449428143693e-04 
       5.371506324689e+00       2.013719815917e-04 
       5.800019113685e+00       1.654459418193e-04 
       6.262716579983e+00       1.358476344715e-04 
       6.762325811764e+00       1.114782037465e-04 
       7.301791451110e+00       9.142788655749e-05 
       7.884293049406e+00       7.494183413176e-05 
       8.513263807261e+00       6.139519736344e-05 
       9.192410809424e+00       5.027041335355e-05 
       9.925736873929e+00       4.114043169472e-05 
       1.071756414427e+01       3.365130700741e-05 
       1.157255956364e+01       2.751211056904e-05 
       1.249576238137e+01       2.248177358358e-05 
       1.349261385375e+01       1.836254478191e-05 
       1.456898931416e+01       1.499119720575e-05 
       1.573123280165e+01       1.223332687770e-05 
       1.698619445202e+01       9.978235709232e-06 
       1.834127087176e+01       8.135321076063e-06 
       1.980444873285e+01       6.629912393516e-06 
       2.138435184532e+01       5.400770796375e-06 
       2.309029198506e+01       4.397615284045e-06 
       2.493232377636e+01       3.579314660034e-06 
       2.692130395282e+01       2.912043878567e-06 
       2.906895534573e+01       2.368183889094e-06 
       3.138793597714e+01       1.925112135172e-06 
       3.389191366484e+01       1.564267061698e-06 
       3.659564657905e+01       1.270530260746e-06 
       3.951507022538e+01       1.031513697500e-06 
       4.266739136701e+01       8.371091117325e-07 
       4.607118943941e+01       6.790319709513e-07 
       4.974652605557e+01       5.505587377583e-07 
       5.371506324689e+01       4.461884255007e-07 
       5.800019113685e+01       3.614278038691e-07 
       6.262716579983e+01       2.926202180831e-07 
       6.762325811764e+01       2.367886533656e-07 
       7.301791451110e+01       1.915033059036e-07 
       7.884293049406e+01       1.547881383258e-07 
       8.513263807261e+01       1.250309255629e-07 
       9.192410809424e+01       1.009279922094e-07 
       9.925736873929e+01       8.141270208779e-08 
       1.071756414427e+02       6.561990312814e-08 
       1.157255956364e+02       5.284525345533e-08 
       1.249576238137e+02       4.251785730928e-08 
       1.349261385375e+02       3.417340856741e-08 
       1.456898931416e+02       2.743620680861e-08 
       1.573123280165e+02       2.199945861711e-08 
