# Matter power spectrum P(k) at redshift z=99
# for k=1.04775e-05 to 66.1767 h/Mpc,
# number of wavenumbers equal to 130
#    1:k (h/Mpc)              2:P (Mpc/h)^3        
       1.047750691046e-05       7.261927680942e-03 
       1.319039970183e-05       9.069258201949e-03 
       1.660572937635e-05       1.132639106738e-02 
       2.090537469327e-05       1.414527123415e-02 
       2.631830744443e-05       1.766569584078e-02 
       3.313278603720e-05       2.206225515967e-02 
       4.171170630578e-05       2.755297766307e-02 
       5.251192703764e-05       3.441013522985e-02 
       6.610859936996e-05       4.297372172825e-02 
       8.322579568497e-05       5.366826853003e-02 
       1.047750691046e-04       6.702379872848e-02 
       1.319039970183e-04       8.370193441378e-02 
       1.660572937635e-04       1.045283355396e-01 
       2.090537469327e-04       1.305329134118e-01 
       2.631830744443e-04       1.629994506623e-01 
       3.313278603720e-04       2.035264004623e-01 
       4.171170630578e-04       2.541004744269e-01 
       5.251192703764e-04       3.171839528589e-01 
       6.610859936996e-04       3.958147256552e-01 
       8.322579568497e-04       4.937136006550e-01 
       1.047750691046e-03       6.153841636091e-01 
       1.319039970183e-03       7.661720592938e-01 
       1.660572937635e-03       9.522588016502e-01 
       2.090537469327e-03       1.180312991695e+00 
       2.631830744443e-03       1.456802684661e+00 
       3.313278603720e-03       1.786503853965e+00 
       4.171170630578e-03       2.169896178502e+00 
       5.251192703764e-03       2.599430630220e+00 
       6.610859936996e-03       3.055668709102e+00 
       8.322579568497e-03       3.505725595660e+00 
       1.047750691046e-02       3.905491341907e+00 
       1.319039970183e-02       4.200915382334e+00 
       1.660572937633e-02       4.325061172777e+00 
       2.090537453514e-02       4.210202165289e+00 
       2.631818545635e-02       3.825157213116e+00 
       3.311571692125e-02       3.229063014788e+00 
       4.113809243311e-02       2.627732921231e+00 
       4.792590854610e-02       2.280797249024e+00 
       5.284436902701e-02       2.110087073474e+00 
       5.689644391095e-02       2.003535685952e+00 
       6.051252627066e-02       1.923057030006e+00 
       6.388413457411e-02       1.852732549969e+00 
       6.711249296401e-02       1.784565019619e+00 
       7.025823437965e-02       1.714276772130e+00 
       7.336115587705e-02       1.639813888420e+00 
       7.644928796912e-02       1.560661243978e+00 
       7.954353299775e-02       1.477455268499e+00 
       8.266024078725e-02       1.391697404439e+00 
       8.581273398637e-02       1.305460299376e+00 
       8.901225918437e-02       1.221125796142e+00 
       9.226860540985e-02       1.141078474980e+00 
       9.559052048996e-02       1.067451260456e+00 
       9.898599946599e-02       1.001889718342e+00 
       1.024624891378e-01       9.453814463905e-01 
       1.060270359164e-01       8.981465951018e-01 
       1.096863943056e-01       8.596112379765e-01 
       1.134471073830e-01       8.284016882494e-01 
       1.173155669539e-01       8.024667661411e-01 
       1.212980586983e-01       7.792275680772e-01 
       1.254007961065e-01       7.559155282828e-01 
       1.296299459934e-01       7.299811759249e-01 
       1.339916477160e-01       6.995913583570e-01 
       1.384920277736e-01       6.640783664532e-01 
       1.431372111762e-01       6.241460900245e-01 
       1.479333307714e-01       5.817629512672e-01 
       1.528865355934e-01       5.396886626556e-01 
       1.580029992204e-01       5.008132316598e-01 
       1.632889290723e-01       4.673967956155e-01 
       1.687505775527e-01       4.405320155591e-01 
       1.743942559171e-01       4.198643506297e-01 
       1.802263517371e-01       4.036583806030e-01 
       1.862533508214e-01       3.893589196987e-01 
       1.924818644494e-01       3.741328250715e-01 
       1.989186627765e-01       3.558006786370e-01 
       2.055707152847e-01       3.339985692265e-01 
       2.124452391818e-01       3.102645905208e-01 
       2.195497567139e-01       2.871209095604e-01 
       2.268921624510e-01       2.668058726545e-01 
       2.344808017550e-01       2.504815533098e-01 
       2.423245618548e-01       2.378314943238e-01 
       2.504329772620e-01       2.271105263901e-01 
       2.588163516754e-01       2.161155152409e-01 
       2.674858990930e-01       2.035434381907e-01 
       2.764539076010e-01       1.895962647324e-01 
       2.857339303080e-01       1.757553361124e-01 
       2.953410092148e-01       1.636972457526e-01 
       3.052919395542e-01       1.539049475453e-01 
       3.156055844677e-01       1.455294861219e-01 
       3.263032530092e-01       1.372478305834e-01 
       3.374091587054e-01       1.283001601329e-01 
       3.489509817175e-01       1.191696800498e-01 
       3.609605657343e-01       1.108057320791e-01 
       3.734747921333e-01       1.036435883213e-01 
       3.865366902904e-01       9.713980525151e-02 
       4.001968667448e-01       9.061402672530e-02 
       4.145153713076e-01       8.403560688300e-02 
       4.295641718077e-01       7.788974109572e-02 
       4.454304922144e-01       7.234011546066e-02 
       4.622214006969e-01       6.709223918691e-02 
       4.800702491654e-01       6.189037887700e-02 
       4.991459272112e-01       5.692496233155e-02 
       5.196665217302e-01       5.231461693713e-02 
       5.419201087032e-01       4.783120186975e-02 
       5.662975451962e-01       4.348547497188e-02 
       5.933463737275e-01       3.932972676434e-02 
       6.238638458458e-01       3.525199894565e-02 
       6.590669257916e-01       3.126155273244e-02 
       7.009246080454e-01       2.728597677437e-02 
       7.528593308799e-01       2.327714449013e-02 
       8.213469537518e-01       1.914692395250e-02 
       9.196980813302e-01       1.481571572634e-02 
       1.075112183810e+00       1.034971978950e-02 
       1.322697471132e+00       6.378377738401e-03 
       1.662328205042e+00       3.704686970531e-03 
       2.092692408506e+00       2.123675627155e-03 
       2.634543445090e+00       1.207194801237e-03 
       3.316693691389e+00       6.810279448003e-04 
       4.175469971226e+00       3.815225550321e-04 
       5.256605252960e+00       2.123482115283e-04 
       6.617673932723e+00       1.174622102695e-04 
       8.331157880872e+00       6.458638205302e-05 
       1.048830636590e+01       3.529785921218e-05 
       1.320399541071e+01       1.916614573825e-05 
       1.662284535976e+01       1.033021298693e-05 
       2.092692243973e+01       5.517620225076e-06 
       2.634543445002e+01       2.912157501120e-06 
       3.316693691389e+01       1.511776227134e-06 
       4.175469971226e+01       7.661433792813e-07 
       5.256605252960e+01       3.745101947361e-07 
       6.617673932723e+01       1.731970117672e-07 
